   1.00000000       4.89923812E-04
   1.10000002       5.59654261E-04
   1.20000005       6.34409836E-04
   1.29999995       7.14211492E-04
   1.39999998       7.99464760E-04
   1.50000000       8.90627154E-04
   1.60000002       9.86541738E-04
   1.70000005       1.09009119E-03
   1.79999995       1.20047852E-03
   1.90000010       1.31824706E-03
   2.00000000       1.44347257E-03
   2.09999990       1.57715857E-03
   2.20000005       1.71968038E-03
   2.30000019       1.87158235E-03
   2.40000010       2.03338056E-03
   2.50000000       2.20387243E-03
   2.59999990       2.38732994E-03
   2.70000005       2.58270139E-03
   2.80000019       2.79063825E-03
   2.90000010       3.01190792E-03
   3.00000000       3.24770389E-03
   3.10000014       3.49924900E-03
   3.20000005       3.76669574E-03
   3.29999995       4.04775282E-03
   3.40000010       4.35089972E-03
   3.50000000       4.67293710E-03
   3.60000014       5.01716789E-03
   3.70000005       5.38244331E-03
   3.79999995       5.77103999E-03
   3.90000010       6.18560892E-03
   4.00000000       6.62728166E-03
   4.10000038       7.09684053E-03
   4.19999981       7.59128528E-03
   4.30000019       8.12404044E-03
   4.40000010       8.69152881E-03
   4.50000000       9.29480884E-03
   4.60000038       9.93937068E-03
   4.69999981       1.06251510E-02
   4.80000019       1.13564171E-02
   4.90000010       1.21358093E-02
   5.00000000       1.29663451E-02
   5.09999990       1.38388108E-02
   5.20000029       1.47830397E-02
   5.30000019       1.57881193E-02
   5.40000010       1.68597642E-02
   5.50000000       1.80022027E-02
   5.59999990       1.92221012E-02
   5.70000029       2.05201972E-02
   5.80000019       2.19101086E-02
   5.90000010       2.33937465E-02
   6.00000000       2.49519851E-02
   6.09999990       2.66363416E-02
   6.20000029       2.84347031E-02
   6.30000019       3.03580314E-02
   6.40000010       3.24121267E-02
   6.50000000       3.46023925E-02
   6.59999990       3.69429216E-02
   6.70000029       3.94452512E-02
   6.80000019       4.21150513E-02
   6.90000010       4.49331924E-02
   7.00000000       4.79845889E-02
   7.09999990       5.12451939E-02
   7.20000029       5.47260679E-02
   7.30000019       5.84480427E-02
   7.40000010       6.24322072E-02
   7.50000000       6.66831359E-02
   7.59999990       7.12344721E-02
   7.70000029       7.60302544E-02
   7.80000019       8.12256634E-02
   7.90000010       8.67682919E-02
   8.00000000       9.27050263E-02
   8.10000038       9.90384445E-02
   8.20000076      0.105803311    
   8.30000019      0.113024853    
   8.39999962      0.120743841    
   8.50000000      0.128968492    
   8.60000038      0.137611091    
   8.70000076      0.146977216    
   8.80000019      0.156916708    
   8.89999962      0.167535022    
   9.00000000      0.178821787    
   9.10000038      0.190825522    
   9.19999981      0.203543156    
   9.30000019      0.216963276    
   9.40000057      0.231253296    
   9.50000000      0.246401235    
   9.60000038      0.262382329    
   9.69999981      0.279121339    
   9.80000019      0.296817273    
   9.90000057      0.315507561    
   10.0000000      0.335034400    
   10.1000004      0.355313629    
   10.1999998      0.376601905    
   10.3000002      0.398702204    
   10.4000006      0.421660811    
   10.5000000      0.445379734    
   10.6000004      0.469618946    
   10.6999998      0.494620353    
   10.8000002      0.520178437    
   10.9000006      0.546143055    
   11.0000000      0.572261214    
   11.1000004      0.598779142    
   11.1999998      0.625369310    
   11.3000002      0.651817143    
   11.4000006      0.678097725    
   11.5000000      0.703828514    
   11.6000004      0.729168475    
   11.6999998      0.753974974    
   11.8000002      0.777774394    
   11.9000006      0.800612330    
   12.0000000      0.822530270    
   12.1000004      0.843352318    
   12.1999998      0.862917840    
   12.3000002      0.881021202    
   12.4000006      0.897901714    
   12.5000000      0.913471997    
   12.6000004      0.927580535    
   12.6999998      0.940310538    
   12.8000002      0.951566339    
   12.9000006      0.961551487    
   13.0000000      0.970192790    
   13.1000004      0.977613688    
   13.1999998      0.983787537    
   13.3000002      0.988857329    
   13.4000006      0.992888153    
   13.5000000      0.995953560    
   13.6000004      0.998095572    
   13.6999998      0.999428332    
   13.8000002       1.00001013    
   13.9000006      0.999925733    
   14.0000000      0.999253094    
   14.1000004      0.998068511    
   14.1999998      0.996429384    
   14.3000002      0.994352221    
   14.4000006      0.991962731    
   14.5000000      0.989323437    
   14.6000004      0.986390948    
   14.6999998      0.983288944    
   14.8000002      0.980032742    
   14.9000006      0.976676524    
   15.0000000      0.973262608    
   15.1000004      0.969774783    
   15.1999998      0.966348767    
   15.3000002      0.962751210    
   15.4000006      0.959268570    
   15.5000000      0.955855608    
   15.6000004      0.952465355    
   15.6999998      0.949145079    
   15.8000002      0.945946693    
   15.9000006      0.942835808    
   16.0000000      0.939778149    
   16.1000004      0.936888874    
   16.2000008      0.934108794    
   16.2999992      0.931457222    
   16.4000015      0.928903937    
   16.5000000      0.926478803    
   16.6000004      0.924162865    
   16.7000008      0.922047138    
   16.7999992      0.920034945    
   16.9000015      0.918143392    
   17.0000000      0.916437030    
   17.1000004      0.914794803    
   17.2000008      0.913314164    
   17.3000011      0.911965430    
   17.3999996      0.910771966    
   17.5000000      0.909672797    
   17.6000004      0.908720195    
   17.7000008      0.907863736    
   17.8000011      0.907153487    
   17.8999996      0.906536937    
   18.0000000      0.906068027    
   18.1000004      0.905712545    
   18.2000008      0.905438304    
   18.3000011      0.905298769    
   18.3999996      0.905260384    
   18.5000000      0.905279636    
   18.6000004      0.905490518    
   18.7000008      0.905685067    
   18.8000011      0.906025171    
   18.8999996      0.906427860    
   19.0000000      0.906943023    
   19.1000004      0.907523990    
   19.2000008      0.908186495    
   19.3000011      0.908928037    
   19.3999996      0.909694552    
   19.5000000      0.910566270    
   19.6000004      0.911494136    
   19.7000008      0.912480235    
   19.8000011      0.913521767    
   19.8999996      0.914607108    
   20.0000000      0.915757179    
   20.1000004      0.916965127    
   20.2000008      0.918203890    
   20.3000011      0.919484138    
   20.3999996      0.920804262    
   20.5000000      0.922132492    
   20.6000004      0.923494935    
   20.7000008      0.924959123    
   20.8000011      0.926387131    
   20.8999996      0.927872539    
   21.0000000      0.929373622    
   21.1000004      0.930885732    
   21.2000008      0.932435453    
   21.3000011      0.933983028    
   21.3999996      0.935545504    
   21.5000000      0.937108457    
   21.6000004      0.938693881    
   21.7000008      0.940306544    
   21.8000011      0.941880882    
   21.8999996      0.943495989    
   22.0000000      0.945079863    
   22.1000004      0.946688235    
   22.2000008      0.948282659    
   22.3000011      0.949802577    
   22.3999996      0.951455593    
   22.5000000      0.953024149    
   22.6000004      0.954610705    
   22.7000008      0.956147373    
   22.8000011      0.957725883    
   22.8999996      0.959209561    
   23.0000000      0.960716784    
   23.1000004      0.962223232    
   23.2000008      0.963691175    
   23.3000011      0.965125144    
   23.3999996      0.966554403    
   23.5000000      0.967958391    
   23.6000004      0.969331443    
   23.7000008      0.970698357    
   23.8000011      0.972006083    
   23.8999996      0.973320425    
   24.0000000      0.974580050    
   24.1000004      0.975824475    
   24.2000008      0.977032781    
   24.3000011      0.978209257    
   24.3999996      0.979302824    
   24.5000000      0.980487406    
   24.6000004      0.981574714    
   24.7000008      0.982631683    
   24.8000011      0.983649969    
   24.8999996      0.984661281    
   25.0000000      0.985610306    
   25.1000004      0.986524701    
   25.2000008      0.987418294    
   25.3000011      0.988291442    
   25.3999996      0.989128172    
   25.5000000      0.989904821    
   25.6000004      0.990668714    
   25.7000008      0.991407156    
   25.8000011      0.992103577    
   25.8999996      0.992777348    
   26.0000000      0.993404567    
   26.1000004      0.994013846    
   26.2000008      0.994575739    
   26.3000011      0.995119691    
   26.3999996      0.995646775    
   26.5000000      0.996114850    
   26.6000004      0.996563971    
   26.7000008      0.997035146    
   26.8000011      0.997370958    
   26.8999996      0.997745693    
   27.0000000      0.998071909    
   27.1000004      0.998385310    
   27.2000008      0.998666048    
   27.3000011      0.998915434    
   27.3999996      0.999157190    
   27.5000000      0.999344051    
   27.6000004      0.999523878    
   27.7000008      0.999676704    
   27.8000011      0.999806821    
   27.8999996      0.999908328    
   28.0000000       1.00000060    
   28.1000004       1.00006056    
   28.2000008       1.00009406    
   28.3000011       1.00011790    
   28.3999996       1.00011373    
   28.5000000       1.00009286    
   28.6000004       1.00005317    
   28.7000008       1.00000262    
   28.8000011      0.999925613    
   28.8999996      0.999822676    
   29.0000000      0.999731839    
   29.1000004      0.999607980    
   29.2000008      0.999461949    
   29.3000011      0.999293685    
   29.3999996      0.999163389    
   29.5000000      0.998991072    
   29.6000004      0.998799324    
   29.7000008      0.998586059    
   29.8000011      0.998382688    
   29.8999996      0.998166502    
   30.0000000      0.997944891    
   30.1000004      0.997706890    
   30.2000008      0.997448981    
   30.3000011      0.997200489    
   30.3999996      0.996934295    
   30.5000000      0.996669710    
   30.6000004      0.996406138    
   30.7000008      0.996120214    
   30.8000011      0.995841086    
   30.8999996      0.995562792    
   31.0000000      0.995259702    
   31.1000004      0.994967282    
   31.2000008      0.994668305    
   31.3000011      0.994376302    
   31.3999996      0.994058132    
   31.5000000      0.993766069    
   31.6000004      0.993477225    
   31.7000008      0.993158400    
   31.8000011      0.992845833    
   31.8999996      0.992535233    
   32.0000000      0.992225885    
   32.0999985      0.991926789    
   32.2000008      0.991610229    
   32.3000031      0.991306484    
   32.4000015      0.991085589    
   32.5000000      0.990682721    
   32.5999985      0.990403891    
   32.7000008      0.990113735    
   32.8000031      0.989811063    
   32.9000015      0.989517272    
   33.0000000      0.989226043    
   33.1000023      0.988946974    
   33.2000008      0.988660932    
   33.2999992      0.988391578    
   33.4000015      0.988098919    
   33.5000000      0.987848401    
   33.6000023      0.987577558    
   33.7000008      0.987331092    
   33.7999992      0.987063646    
   33.9000015      0.986818075    
   34.0000000      0.986579239    
   34.1000023      0.986343145    
   34.2000008      0.986106634    
   34.2999992      0.985893607    
   34.4000015      0.985675037    
   34.5000000      0.985458970    
   34.6000023      0.985251546    
   34.7000008      0.985065639    
   34.7999992      0.984878600    
   34.9000015      0.984693050    
   35.0000000      0.984518528    
   35.1000023      0.984362125    
   35.2000008      0.984190524    
   35.2999992      0.984041810    
   35.4000015      0.983887255    
   35.5000000      0.983755589    
   35.6000023      0.983619928    
   35.7000008      0.983503103    
   35.7999992      0.983386815    
   35.9000015      0.983279586    
   36.0000000      0.983071923    
   36.1000023      0.983112276    
   36.2000008      0.982993066    
   36.2999992      0.982911587    
   36.4000015      0.982836962    
   36.5000000      0.982777476    
   36.6000023      0.982711732    
   36.7000008      0.982662678    
   36.7999992      0.982605100    
   36.9000015      0.982566476    
   37.0000000      0.982573330    
   37.1000023      0.982509255    
   37.2000008      0.982489109    
   37.2999992      0.982477129    
   37.4000015      0.982468069    
   37.5000000      0.982465088    
   37.6000023      0.982481182    
   37.7000008      0.982478857    
   37.7999992      0.982495308    
   37.9000015      0.982519865    
   38.0000000      0.982558846    
   38.1000023      0.982571304    
   38.2000008      0.982612133    
   38.2999992      0.982659936    
   38.4000015      0.982712150    
   38.5000000      0.982760668    
   38.6000023      0.982825935    
   38.7000008      0.982895494    
   38.7999992      0.982952058    
   38.9000015      0.983033121    
   39.0000000      0.983107090    
   39.1000023      0.983208120    
   39.2000008      0.983283162    
   39.2999992      0.983374357    
   39.4000015      0.983482957    
   39.5000000      0.983591437    
   39.6000023      0.983687758    
   39.7000008      0.983816862    
   39.7999992      0.983924329    
   39.9000015      0.984050333    
   40.0000000      0.984170854    
   40.1000023      0.984311521    
   40.2000008      0.984308422    
   40.2999992      0.984676421    
   40.4000015      0.984717906    
   40.5000000      0.984860241    
   40.6000023      0.985023975    
   40.7000008      0.985169530    
   40.7999992      0.985329688    
   40.9000015      0.985483408    
   41.0000000      0.985645235    
   41.1000023      0.985810995    
   41.2000008      0.985985875    
   41.2999992      0.986147702    
   41.4000015      0.986318231    
   41.5000000      0.986503959    
   41.6000023      0.986676574    
   41.7000008      0.986869752    
   41.7999992      0.987061560    
   41.9000015      0.987236321    
   42.0000000      0.987422228    
   42.1000023      0.987615228    
   42.2000008      0.987793624    
   42.2999992      0.987992108    
   42.4000015      0.988186896    
   42.5000000      0.988373637    
   42.6000023      0.988570273    
   42.7000008      0.988763571    
   42.7999992      0.988961041    
   42.9000015      0.989146590    
   43.0000000      0.989355385    
   43.1000023      0.989540994    
   43.2000008      0.989739239    
   43.2999992      0.989919066    
   43.4000015      0.990133047    
   43.5000000      0.990310371    
   43.6000023      0.990513325    
   43.7000008      0.990716636    
   43.7999992      0.990913749    
   43.9000015      0.991080463    
   44.0000000      0.991293371    
   44.1000023      0.991479337    
   44.2000008      0.991668344    
   44.2999992      0.991855025    
   44.4000015      0.992049396    
   44.5000000      0.992233038    
   44.6000023      0.992406309    
   44.7000008      0.992599130    
   44.7999992      0.992779911    
   44.9000015      0.992959559    
   45.0000000      0.993142366    
   45.1000023      0.993320882    
   45.2000008      0.993460894    
   45.2999992      0.993820012    
   45.4000015      0.993835092    
   45.5000000      0.994011700    
   45.6000023      0.994181573    
   45.7000008      0.994356334    
   45.7999992      0.994527876    
   45.9000015      0.994686604    
   46.0000000      0.994852126    
   46.1000023      0.995003045    
   46.2000008      0.995165706    
   46.2999992      0.995333850    
   46.4000015      0.995486796    
   46.5000000      0.995632946    
   46.6000023      0.995789826    
   46.7000008      0.995956123    
   46.7999992      0.996088862    
   46.9000015      0.996237159    
   47.0000000      0.996373713    
   47.1000023      0.996516466    
   47.2000008      0.996655226    
   47.2999992      0.996791899    
   47.4000015      0.996931553    
   47.5000000      0.997056842    
   47.6000023      0.997184694    
   47.7000008      0.997310281    
   47.7999992      0.997432888    
   47.9000015      0.997560501    
   48.0000000      0.997686863    
   48.1000023      0.997792602    
   48.2000008      0.997905612    
   48.2999992      0.998023033    
   48.4000015      0.998128951    
   48.5000000      0.998234987    
   48.6000023      0.998337388    
   48.7000008      0.998434365    
   48.7999992      0.998541236    
   48.9000015      0.998640358    
   49.0000000      0.998718023    
   49.1000023      0.998810053    
   49.2000008      0.998897195    
   49.2999992      0.998975277    
   49.4000015      0.999062836    
   49.5000000      0.999141216    
   49.6000023      0.999206603    
   49.7000008      0.999290943    
   49.7999992      0.999353230    
   49.9000015      0.999417305    
   50.0000000      0.999486089    
   50.1000023      0.999537110    
   50.2000008      0.999602020    
   50.2999992      0.999656320    
   50.4000015      0.999709547    
   50.5000000      0.999752223    
   50.6000023      0.999805510    
   50.7000008      0.999849796    
   50.7999992      0.999886870    
   50.9000015      0.999925971    
   51.0000000      0.999963164    
   51.1000023      0.999999523    
   51.2000008       1.00002432    
   51.2999992       1.00008392    
   51.4000015       1.00007153    
   51.5000000       1.00011277    
   51.6000023       1.00012577    
   51.7000008       1.00014639    
   51.7999992       1.00016248    
   51.9000015       1.00018120    
   52.0000000       1.00019085    
   52.1000023       1.00019884    
   52.2000008       1.00021172    
   52.2999992       1.00021148    
   52.4000015       1.00021827    
   52.5000000       1.00021935    
   52.6000023       1.00021958    
   52.7000008       1.00021613    
   52.7999992       1.00021255    
   52.9000015       1.00020313    
   53.0000000       1.00019109    
   53.1000023       1.00018466    
   53.2000008       1.00017905    
   53.2999992       1.00016665    
   53.4000015       1.00014615    
   53.5000000       1.00012827    
   53.6000023       1.00010478    
   53.7000008       1.00008559    
   53.7999992       1.00007105    
   53.9000015       1.00004125    
   54.0000000       1.00002122    
   54.1000023      0.999987841    
   54.2000008      0.999959469    
   54.2999992      0.999934673    
   54.4000015      0.999900579    
   54.5000000      0.999867082    
   54.6000023      0.999832869    
   54.7000008      0.999788225    
   54.7999992      0.999754727    
   54.9000015      0.999711573    
   55.0000000      0.999674201    
   55.1000023      0.999636769    
   55.2000008      0.999588192    
   55.2999992      0.999551713    
   55.4000015      0.999506593    
   55.5000000      0.999460757    
   55.6000023      0.999407768    
   55.7000008      0.999370039    
   55.7999992      0.999313116    
   55.9000015      0.999261320    
   56.0000000      0.999215007    
   56.1000023      0.999165654    
   56.2000008      0.999111235    
   56.2999992      0.999053180    
   56.4000015      0.999004304    
   56.5000000      0.998947561    
   56.6000023      0.998882711    
   56.7000008      0.998846889    
   56.7999992      0.998782694    
   56.9000015      0.998725593    
   57.0000000      0.998670459    
   57.1000023      0.998612881    
   57.2000008      0.998547256    
   57.2999992      0.998496175    
   57.4000015      0.998433769    
   57.5000000      0.998380184    
   57.6000023      0.998331010    
   57.7000008      0.998263538    
   57.7999992      0.998205662    
   57.9000015      0.998142481    
   58.0000000      0.998090208    
   58.1000023      0.998027623    
   58.2000008      0.997971952    
   58.2999992      0.997914135    
   58.4000015      0.997861564    
   58.5000000      0.997783124    
   58.6000023      0.997694790    
   58.7000008      0.997753799    
   58.7999992      0.997621596    
   58.9000015      0.997574747    
   59.0000000      0.997509003    
   59.1000023      0.997456014    
   59.2000008      0.997406065    
   59.2999992      0.997358143    
   59.4000015      0.997296035    
   59.5000000      0.997239351    
   59.6000023      0.997187912    
   59.7000008      0.997134805    
   59.7999992      0.997079134    
   59.9000015      0.997030973    
   60.0000000      0.996975541    
   60.1000023      0.996926248    
   60.2000008      0.996878862    
   60.2999992      0.996824026    
   60.4000015      0.996771872    
   60.5000000      0.996721685    
   60.6000023      0.996666968    
   60.7000008      0.996662796    
   60.7999992      0.996577084    
   60.9000015      0.996526301    
   61.0000000      0.996484756    
   61.1000023      0.996428668    
   61.2000008      0.996394217    
   61.2999992      0.996343911    
   61.4000015      0.996314824    
   61.5000000      0.996258855    
   61.6000023      0.996210337    
   61.7000008      0.996167839    
   61.7999992      0.996122777    
   61.9000015      0.996086478    
   62.0000000      0.996046245    
   62.1000023      0.996004164    
   62.2000008      0.995953083    
   62.2999992      0.995917857    
   62.4000015      0.995884955    
   62.5000000      0.995843351    
   62.6000023      0.995795131    
   62.7000008      0.995757043    
   62.7999992      0.995727539    
   62.9000015      0.995699406    
   63.0000000      0.995668888    
   63.1000023      0.995631337    
   63.2000008      0.995593727    
   63.2999992      0.995560884    
   63.4000015      0.995522857    
   63.5000000      0.995491087    
   63.6000023      0.995468497    
   63.7000008      0.995435894    
   63.7999992      0.995412886    
   63.9000015      0.995384872    
   64.0000000      0.995356262    
   64.1000061      0.995335042    
   64.1999969      0.995302796    
   64.3000031      0.995287538    
   64.4000015      0.995266080    
   64.5000000      0.995241523    
   64.6000061      0.995222867    
   64.6999969      0.995201945    
   64.8000031      0.995189190    
   64.9000015      0.995173037    
   65.0000000      0.995157540    
   65.0999985      0.995134175    
   65.2000046      0.995159924    
   65.3000031      0.995120943    
   65.4000015      0.995109499    
   65.5000000      0.995101929    
   65.5999985      0.995095372    
   65.7000046      0.995081186    
   65.8000031      0.995083213    
   65.9000015      0.995083749    
   66.0000000      0.995077848    
   66.0999985      0.995072901    
   66.2000046      0.995078087    
   66.3000031      0.995069861    
   66.4000015      0.995078087    
   66.5000000      0.995081425    
   66.5999985      0.995080233    
   66.7000046      0.995089591    
   66.8000031      0.995101750    
   66.9000015      0.995106936    
   67.0000000      0.995113790    
   67.0999985      0.995125473    
   67.2000046      0.995137751    
   67.3000031      0.995148003    
   67.4000015      0.995153904    
   67.5000000      0.995064080    
   67.5999985      0.995175362    
   67.7000046      0.995341659    
   67.8000031      0.995210826    
   67.9000015      0.995228767    
   68.0000000      0.995242596    
   68.0999985      0.995263934    
   68.2000046      0.995285094    
   68.3000031      0.995304108    
   68.4000015      0.995318949    
   68.5000000      0.995337367    
   68.5999985      0.995366454    
   68.7000046      0.995378733    
   68.8000031      0.995401859    
   68.9000015      0.995424807    
   69.0000000      0.995452881    
   69.0999985      0.995472074    
   69.2000046      0.995494723    
   69.3000031      0.995521665    
   69.4000015      0.995548248    
   69.5000000      0.995575070    
   69.5999985      0.995598257    
   69.7000046      0.995627522    
   69.8000031      0.995653868    
   69.9000015      0.995680332    
   70.0000000      0.995703995    
   70.0999985      0.995719492    
   70.2000046      0.995810628    
   70.3000031      0.995787323    
   70.4000015      0.995817602    
   70.5000000      0.995845497    
   70.5999985      0.995873153    
   70.7000046      0.995910883    
   70.8000031      0.995937943    
   70.9000015      0.995968938    
   71.0000000      0.995996118    
   71.0999985      0.996017396    
   71.2000046      0.996061862    
   71.3000031      0.996098757    
   71.4000015      0.996122062    
   71.5000000      0.996162891    
   71.5999985      0.996198833    
   71.7000046      0.996226788    
   71.8000031      0.996262968    
   71.9000015      0.996292889    
   72.0000000      0.996327937    
   72.0999985      0.996369123    
   72.2000046      0.996399164    
   72.3000031      0.996439755    
   72.4000015      0.996475279    
   72.5000000      0.996510327    
   72.5999985      0.996542037    
   72.7000046      0.996584892    
   72.8000031      0.996630013    
   72.9000015      0.996660233    
   73.0000000      0.996693850    
   73.0999985      0.996740520    
   73.2000046      0.996780992    
   73.3000031      0.996816099    
   73.4000015      0.996864617    
   73.5000000      0.996902764    
   73.5999985      0.996946514    
   73.7000046      0.996990323    
   73.8000031      0.997030020    
   73.9000015      0.997071147    
   74.0000000      0.997111320    
   74.0999985      0.997153401    
   74.2000046      0.997200131    
   74.3000031      0.997239828    
   74.4000015      0.997286320    
   74.5000000      0.997328877    
   74.5999985      0.997369885    
   74.7000046      0.997420192    
   74.8000031      0.997460186    
   74.9000015      0.997509241    
   75.0000000      0.997556210    
   75.0999985      0.997597277    
   75.2000046      0.997643292    
   75.3000031      0.997691512    
   75.4000015      0.997729957    
   75.5000000      0.997781932    
   75.5999985      0.997817159    
   75.7000046      0.997858822    
   75.8000031      0.997920334    
   75.9000015      0.997946203    
   76.0000000      0.997996747    
   76.0999985      0.998037875    
   76.2000046      0.998081326    
   76.3000031      0.998122513    
   76.4000015      0.998172522    
   76.5000000      0.998207927    
   76.5999985      0.998247623    
   76.7000046      0.998294652    
   76.8000031      0.998335540    
   76.9000015      0.998379111    
   77.0000000      0.998410463    
   77.0999985      0.998456240    
   77.2000046      0.998498440    
   77.3000031      0.998529434    
   77.4000015      0.998572946    
   77.5000000      0.998610258    
   77.5999985      0.998654008    
   77.7000046      0.998691380    
   77.8000031      0.998731554    
   77.9000015      0.998760104    
   78.0000000      0.998795629    
   78.0999985      0.998837888    
   78.2000046      0.998866081    
   78.3000031      0.998909235    
   78.4000015      0.998933971    
   78.5000000      0.998974323    
   78.5999985      0.999006450    
   78.7000046      0.999016285    
   78.8000031      0.999024749    
   78.9000015      0.999158740    
   79.0000000      0.999173939    
   79.0999985      0.999174058    
   79.2000046      0.999197304    
   79.3000031      0.999234080    
   79.4000015      0.999264300    
   79.5000000      0.999298692    
   79.5999985      0.999317288    
   79.7000046      0.999352038    
   79.8000031      0.999382019    
   79.9000015      0.999407172    
   80.0000000      0.999432266    
   80.0999985      0.999466002    
   80.2000046      0.999492884    
   80.3000031      0.999517441    
   80.4000015      0.999543071    
   80.5000000      0.999573886    
   80.5999985      0.999594033    
   80.7000046      0.999622107    
   80.8000031      0.999642730    
   80.9000015      0.999668360    
   81.0000000      0.999693036    
   81.0999985      0.999714196    
   81.2000046      0.999738157    
   81.3000031      0.999762595    
   81.4000015      0.999789059    
   81.5000000      0.999805272    
   81.5999985      0.999832749    
   81.7000046      0.999857426    
   81.8000031      0.999873042    
   81.9000015      0.999896288    
   82.0000000      0.999914408    
   82.0999985      0.999955773    
   82.2000046      0.999951482    
   82.3000031      0.999971390    
   82.4000015      0.999989748    
   82.5000000       1.00001454    
   82.5999985       1.00002837    
   82.7000046       1.00004590    
   82.8000031       1.00006425    
   82.9000015       1.00007677    
   83.0000000       1.00009131    
   83.0999985       1.00011575    
   83.2000046       1.00012684    
   83.3000031       1.00014150    
   83.4000015       1.00015676    
   83.5000000       1.00016892    
   83.5999985       1.00018179    
   83.7000046       1.00019288    
   83.8000031       1.00020599    
   83.9000015       1.00021946    
   84.0000000       1.00023556    
   84.0999985       1.00024307    
   84.2000046       1.00025272    
   84.3000031       1.00026643    
   84.4000015       1.00026929    
   84.5000000       1.00027990    
   84.5999985       1.00028956    
   84.7000046       1.00029838    
   84.8000031       1.00030375    
   84.9000015       1.00031352    
   85.0000000       1.00032437    
   85.0999985       1.00032306    
   85.2000046       1.00032818    
   85.3000031       1.00033057    
   85.4000015       1.00034010    
   85.5000000       1.00033653    
   85.5999985       1.00034344    
   85.7000046       1.00034845    
   85.8000031       1.00035644    
   85.9000015       1.00035703    
   86.0000000       1.00035596    
   86.0999985       1.00035834    
   86.2000046       1.00036180    
   86.3000031       1.00035572    
   86.4000015       1.00035632    
   86.5000000       1.00035977    
   86.5999985       1.00035012    
   86.7000046       1.00035477    
   86.8000031       1.00035501    
   86.9000015       1.00035357    
   87.0000000       1.00034738    
   87.0999985       1.00034726    
   87.2000046       1.00034595    
   87.3000031       1.00034142    
   87.4000015       1.00033700    
   87.5000000       1.00032806    
   87.5999985       1.00032198    
   87.7000046       1.00032377    
   87.8000031       1.00032055    
   87.9000015       1.00031340    
   88.0000000       1.00030625    
   88.0999985       1.00029743    
   88.2000046       1.00029850    
   88.3000031       1.00028718    
   88.4000015       1.00027955    
   88.5000000       1.00026906    
   88.5999985       1.00026238    
   88.7000046       1.00026011    
   88.8000031       1.00025058    
   88.9000015       1.00024581    
   89.0000000       1.00023603    
   89.0999985       1.00022614    
   89.2000046       1.00021207    
   89.3000031       1.00021279    
   89.4000015       1.00019741    
   89.5000000       1.00018477    
   89.5999985       1.00018477    
   89.7000046       1.00016630    
   89.8000031       1.00015271    
   89.9000015       1.00015116    
   90.0000000       1.00013912    
   90.0999985       1.00013447    
   90.2000046       1.00011289    
   90.3000031       1.00010633    
   90.4000015       1.00009429    
   90.5000000       1.00008225    
   90.5999985       1.00007343    
   90.7000046       1.00005805    
   90.8000031       1.00004506    
   90.9000015       1.00003695    
   91.0000000       1.00002158    
   91.0999985       1.00000823    
   91.2000046      0.999995708    
   91.3000031      0.999976635    
   91.4000015      0.999963403    
   91.5000000      0.999953032    
   91.5999985      0.999937654    
   91.7000046      0.999924064    
   91.8000031      0.999909520    
   91.9000015      0.999889851    
   92.0000000      0.999880314    
   92.0999985      0.999859095    
   92.2000046      0.999848127    
   92.3000031      0.999833107    
   92.4000015      0.999817789    
   92.5000000      0.999802411    
   92.5999985      0.999787867    
   92.7000046      0.999769628    
   92.8000031      0.999754846    
   92.9000015      0.999735892    
   93.0000000      0.999762595    
   93.0999985      0.999752820    
   93.2000046      0.999665976    
   93.3000031      0.999612510    
   93.4000015      0.999648213    
   93.5000000      0.999636412    
   93.5999985      0.999610603    
   93.7000046      0.999593079    
   93.8000031      0.999578059    
   93.9000015      0.999565303    
   94.0000000      0.999537587    
   94.0999985      0.999530673    
   94.2000046      0.999503016    
   94.3000031      0.999492884    
   94.4000015      0.999474585    
   94.5000000      0.999455035    
   94.5999985      0.999435246    
   94.7000046      0.999416232    
   94.8000031      0.999404192    
   94.9000015      0.999380469    
   95.0000000      0.999366701    
   95.0999985      0.999345481    
   95.2000046      0.999334157    
   95.3000031      0.999311686    
   95.4000015      0.999295235    
   95.5000000      0.999278963    
   95.5999985      0.999261558    
   95.7000046      0.999244332    
   95.8000031      0.999223948    
   95.9000015      0.999213815    
   96.0000000      0.999195993    
   96.0999985      0.999177158    
   96.2000046      0.999163866    
   96.3000031      0.999151230    
   96.4000015      0.999131024    
   96.5000000      0.999116242    
   96.5999985      0.999104679    
   96.7000046      0.999087572    
   96.8000031      0.999069870    
   96.9000015      0.999057710    
   97.0000000      0.999040067    
   97.0999985      0.999031186    
   97.2000046      0.999027252    
   97.3000031      0.998974562    
   97.4000015      0.998995483    
   97.5000000      0.998981416    
   97.5999985      0.998971343    
   97.7000046      0.998948514    
   97.8000031      0.998939931    
   97.9000015      0.998932183    
   98.0000000      0.998911977    
   98.0999985      0.998906374    
   98.2000046      0.998891652    
   98.3000031      0.998884380    
   98.4000015      0.998878777    
   98.5000000      0.998863935    
   98.5999985      0.998851299    
   98.7000046      0.998843312    
   98.8000031      0.998836339    
   98.9000015      0.998822868    
   99.0000000      0.998806238    
   99.0999985      0.998798251    
   99.2000046      0.998793602    
   99.3000031      0.998779118    
   99.4000015      0.998770058    
   99.5000000      0.998769224    
   99.5999985      0.998750806    
   99.7000046      0.998747468    
   99.8000031      0.998735130    
   99.9000015      0.998724878    
   100.000000      0.998709083    
   100.099998      0.998707533    
   100.200005      0.998699188    
   100.300003      0.998691261    
   100.400002      0.998690069    
   100.500000      0.998676598    
   100.599998      0.998665214    
   100.700005      0.998659253    
   100.800003      0.998640835    
   100.900002      0.998638093    
   101.000000      0.998636663    
