0 1
0.01 1
0.02 0.999999
0.03 0.999998
0.04 0.999997
0.05 0.999995
0.06 0.999992
0.07 0.999989
0.08 0.999985
0.09 0.999981
0.1 0.999977
0.11 0.999972
0.12 0.999967
0.13 0.999962
0.14 0.999956
0.15 0.99995
0.16 0.999944
0.17 0.999938
0.18 0.999931
0.19 0.999925
0.2 0.999919
0.21 0.999912
0.22 0.999906
0.23 0.9999
0.24 0.999894
0.25 0.999889
0.26 0.999883
0.27 0.999878
0.28 0.999873
0.29 0.999869
0.3 0.999865
0.31 0.999861
0.32 0.999858
0.33 0.999855
0.34 0.999853
0.35 0.999852
0.36 0.999851
0.37 0.99985
0.38 0.99985
0.39 0.999851
0.4 0.999852
0.41 0.999853
0.42 0.999855
0.43 0.999858
0.44 0.999861
0.45 0.999865
0.46 0.999869
0.47 0.999873
0.48 0.999878
0.49 0.999883
0.5 0.999888
0.51 0.999894
0.52 0.9999
0.53 0.999906
0.54 0.999912
0.55 0.999918
0.56 0.999925
0.57 0.999931
0.58 0.999938
0.59 0.999944
0.6 0.99995
0.61 0.999956
0.62 0.999961
0.63 0.999967
0.64 0.999972
0.65 0.999977
0.66 0.999981
0.67 0.999985
0.68 0.999989
0.69 0.999992
0.7 0.999995
0.71 0.999997
0.72 0.999998
0.73 0.999999
0.74 1
0.75 1
0.76 0.999999
0.77 0.999998
0.78 0.999997
0.79 0.999995
0.8 0.999992
0.81 0.999989
0.82 0.999986
0.83 0.999982
0.84 0.999977
0.85 0.999972
0.86 0.999967
0.87 0.999962
0.88 0.999956
0.89 0.99995
0.9 0.999944
0.91 0.999938
0.92 0.999932
0.93 0.999925
0.94 0.999919
0.95 0.999913
0.96 0.999906
0.97 0.9999
0.98 0.999894
0.99 0.999889
1 0.999883
1.01 0.999878
1.02 0.999873
1.03 0.999869
1.04 0.999865
1.05 0.999861
1.06 0.999858
1.07 0.999856
1.08 0.999853
1.09 0.999852
1.1 0.999851
1.11 0.99985
1.12 0.99985
1.13 0.999851
1.14 0.999852
1.15 0.999853
1.16 0.999855
1.17 0.999858
1.18 0.999861
1.19 0.999864
1.2 0.999868
1.21 0.999873
1.22 0.999878
1.23 0.999883
1.24 0.999888
1.25 0.999894
1.26 0.9999
1.27 0.999906
1.28 0.999912
1.29 0.999918
1.3 0.999925
1.31 0.999931
1.32 0.999937
1.33 0.999943
1.34 0.99995
1.35 0.999955
1.36 0.999961
1.37 0.999967
1.38 0.999972
1.39 0.999977
1.4 0.999981
1.41 0.999985
1.42 0.999989
1.43 0.999992
1.44 0.999994
1.45 0.999997
1.46 0.999998
1.47 0.999999
1.48 1
1.49 1
1.5 1
1.51 0.999998
1.52 0.999997
1.53 0.999995
1.54 0.999992
1.55 0.999989
1.56 0.999986
1.57 0.999982
1.58 0.999977
1.59 0.999973
1.6 0.999968
1.61 0.999962
1.62 0.999956
1.63 0.999951
1.64 0.999945
1.65 0.999938
1.66 0.999932
1.67 0.999926
1.68 0.999919
1.69 0.999913
1.7 0.999907
1.71 0.999901
1.72 0.999895
1.73 0.999889
1.74 0.999884
1.75 0.999878
1.76 0.999874
1.77 0.999869
1.78 0.999865
1.79 0.999861
1.8 0.999858
1.81 0.999856
1.82 0.999853
1.83 0.999852
1.84 0.999851
1.85 0.99985
1.86 0.99985
1.87 0.999851
1.88 0.999852
1.89 0.999853
1.9 0.999855
1.91 0.999858
1.92 0.999861
1.93 0.999864
1.94 0.999868
1.95 0.999873
1.96 0.999877
1.97 0.999882
1.98 0.999888
1.99 0.999893
2 0.999899
2.01 0.999905
2.02 0.999912
2.03 0.999918
2.04 0.999924
2.05 0.999931
2.06 0.999937
2.07 0.999943
2.08 0.999949
2.09 0.999955
2.1 0.999961
2.11 0.999966
2.12 0.999972
2.13 0.999976
2.14 0.999981
2.15 0.999985
2.16 0.999989
2.17 0.999992
2.18 0.999994
2.19 0.999997
2.2 0.999998
2.21 0.999999
2.22 1
2.23 1
2.24 1
2.25 0.999999
2.26 0.999997
2.27 0.999995
2.28 0.999993
2.29 0.99999
2.3 0.999986
2.31 0.999982
2.32 0.999978
2.33 0.999973
2.34 0.999968
2.35 0.999963
2.36 0.999957
2.37 0.999951
2.38 0.999945
2.39 0.999939
2.4 0.999933
2.41 0.999927
2.42 0.999921
2.43 0.999914
2.44 0.999908
2.45 0.999902
2.46 0.999897
2.47 0.999891
2.48 0.999886
2.49 0.999881
2.5 0.999876
2.51 0.999872
2.52 0.999869
2.53 0.999865
2.54 0.999863
2.55 0.99986
2.56 0.999859
2.57 0.999858
2.58 0.999857
2.59 0.999858
2.6 0.999858
2.61 0.99986
2.62 0.999862
2.63 0.999865
2.64 0.999868
2.65 0.999872
2.66 0.999877
2.67 0.999882
2.68 0.999888
2.69 0.999895
2.7 0.999902
2.71 0.99991
2.72 0.999918
2.73 0.999927
2.74 0.999937
2.75 0.999947
2.76 0.999958
2.77 0.999969
2.78 0.999981
2.79 0.999993
2.8 1.00001
2.81 1.00002
2.82 1.00003
2.83 1.00005
2.84 1.00006
2.85 1.00008
2.86 1.0001
2.87 1.00012
2.88 1.00013
2.89 1.00015
2.9 1.00017
2.91 1.0002
2.92 1.00022
2.93 1.00024
2.94 1.00027
2.95 1.0003
2.96 1.00033
2.97 1.00036
2.98 1.00039
2.99 1.00043
3 1.00047
3.01 1.00051
3.02 1.00056
3.03 1.0006
3.04 1.00066
3.05 1.00072
3.06 1.00078
3.07 1.00085
3.08 1.00092
3.09 1.001
3.1 1.00108
3.11 1.00118
3.12 1.00128
3.13 1.00139
3.14 1.00151
3.15 1.00163
3.16 1.00177
3.17 1.00192
3.18 1.00209
3.19 1.00226
3.2 1.00245
3.21 1.00265
3.22 1.00287
3.23 1.00311
3.24 1.00337
3.25 1.00364
3.26 1.00393
3.27 1.00425
3.28 1.00459
3.29 1.00495
3.3 1.00534
3.31 1.00576
3.32 1.00621
3.33 1.00668
3.34 1.00719
3.35 1.00773
3.36 1.00831
3.37 1.00893
3.38 1.00959
3.39 1.01029
3.4 1.01103
3.41 1.01183
3.42 1.01267
3.43 1.01356
3.44 1.01451
3.45 1.01551
3.46 1.01658
3.47 1.01771
3.48 1.0189
3.49 1.02016
3.5 1.0215
3.51 1.02291
3.52 1.0244
3.53 1.02597
3.54 1.02763
3.55 1.02938
3.56 1.03123
3.57 1.03317
3.58 1.03522
3.59 1.03737
3.6 1.03963
3.61 1.04202
3.62 1.04452
3.63 1.04715
3.64 1.04991
3.65 1.0528
3.66 1.05584
3.67 1.05903
3.68 1.06237
3.69 1.06587
3.7 1.06954
3.71 1.07337
3.72 1.07739
3.73 1.08159
3.74 1.08599
3.75 1.09058
3.76 1.09538
3.77 1.1004
3.78 1.10564
3.79 1.11111
3.8 1.11682
3.81 1.12277
3.82 1.12899
3.83 1.13547
3.84 1.14222
3.85 1.14927
3.86 1.1566
3.87 1.16425
3.88 1.17221
3.89 1.1805
3.9 1.18913
3.91 1.19812
3.92 1.20747
3.93 1.2172
3.94 1.22732
3.95 1.23785
3.96 1.2488
3.97 1.26018
3.98 1.27202
3.99 1.28432
4 1.29711
4.01 1.3104
4.02 1.32421
4.03 1.33856
4.04 1.35347
4.05 1.36896
4.06 1.38504
4.07 1.40175
4.08 1.4191
4.09 1.43712
4.1 1.45583
4.11 1.47525
4.12 1.49542
4.13 1.51635
4.14 1.53808
4.15 1.56064
4.16 1.58405
4.17 1.60835
4.18 1.63356
4.19 1.65972
4.2 1.68686
4.21 1.71502
4.22 1.74423
4.23 1.77453
4.24 1.80596
4.25 1.83854
4.26 1.87233
4.27 1.90736
4.28 1.94367
4.29 1.98131
4.3 2.0203
4.31 2.06071
4.32 2.10256
4.33 2.14591
4.34 2.19078
4.35 2.23724
4.36 2.28532
4.37 2.33505
4.38 2.38649
4.39 2.43968
4.4 2.49464
4.41 2.55143
4.42 2.61008
4.43 2.67062
4.44 2.73309
4.45 2.79751
4.46 2.86392
4.47 2.93232
4.48 3.00275
4.49 3.07522
4.5 3.14973
4.51 3.22629
4.52 3.31012
4.53 3.40148
4.54 3.50064
4.55 3.60789
4.56 3.72355
4.57 3.84793
4.58 3.98138
4.59 4.12424
4.6 4.27689
4.61 4.43971
4.62 4.6131
4.63 4.79746
4.64 4.99322
4.65 5.20081
4.66 5.42067
4.67 5.65324
4.68 5.89898
4.69 6.15834
4.7 6.43179
4.71 6.71978
4.72 7.02275
4.73 7.34117
4.74 7.67546
4.75 8.02605
4.76 8.39335
4.77 8.77775
4.78 9.17961
4.79 9.59927
4.8 10.037
4.81 10.4932
4.82 10.9679
4.83 11.4614
4.84 11.9739
4.85 12.5053
4.86 13.0557
4.87 13.6251
4.88 14.2133
4.89 14.8202
4.9 15.4455
4.91 16.0888
4.92 16.7496
4.93 17.4275
4.94 18.1217
4.95 18.8316
4.96 19.5564
4.97 20.295
4.98 21.0464
4.99 21.8095
5 22.5829
5.01 23.3654
5.02 24.1553
5.03 24.9511
5.04 25.7511
5.05 26.5534
5.06 27.3562
5.07 28.1573
5.08 28.9547
5.09 29.7462
5.1 30.5294
5.11 31.3021
5.12 32.0617
5.13 32.8059
5.14 33.5319
5.15 34.2374
5.16 34.9196
5.17 35.576
5.18 36.204
5.19 36.8009
5.2 37.3642
5.21 37.8914
5.22 38.3799
5.23 38.8273
5.24 39.2313
5.25 39.5897
5.26 39.9002
5.27 40.161
5.28 40.3701
5.29 40.5257
5.3 40.6264
5.31 40.6707
5.32 40.6574
5.33 40.5856
5.34 40.4544
5.35 40.2632
5.36 40.0116
5.37 39.6996
5.38 39.3272
5.39 38.8948
5.4 38.403
5.41 37.8526
5.42 37.2447
5.43 36.5806
5.44 35.8619
5.45 35.0905
5.46 34.2683
5.47 33.3977
5.48 32.4812
5.49 31.5216
5.5 30.5217
5.51 29.4847
5.52 28.414
5.53 27.3131
5.54 26.1856
5.55 25.0353
5.56 23.8662
5.57 22.6824
5.58 21.4879
5.59 20.2871
5.6 19.0843
5.61 17.8837
5.62 16.6897
5.63 15.5068
5.64 14.3393
5.65 13.1916
5.66 12.0679
5.67 10.9725
5.68 9.90941
5.69 8.8828
5.7 7.89652
5.71 6.95436
5.72 6.05993
5.73 5.21667
5.74 4.42783
5.75 3.69649
5.76 3.02546
5.77 2.41738
5.78 1.8746
5.79 1.39925
5.8 0.993193
5.81 0.658023
5.82 0.395054
5.83 0.205323
5.84 0.0895762
5.85 0.0482712
5.86 0.0815708
5.87 0.189343
5.88 0.371161
5.89 0.626305
5.9 0.953762
5.91 1.35223
5.92 1.82013
5.93 2.3556
5.94 2.95651
5.95 3.62047
5.96 4.34484
5.97 5.12673
5.98 5.96302
5.99 6.85038
6 7.78527
6.01 8.76397
6.02 9.78256
6.03 10.837
6.04 11.923
6.05 13.0364
6.06 14.1725
6.07 15.327
6.08 16.4951
6.09 17.6723
6.1 18.8538
6.11 20.0349
6.12 21.2108
6.13 22.3769
6.14 23.5286
6.15 24.6611
6.16 25.77
6.17 26.8508
6.18 27.8993
6.19 28.9111
6.2 29.8824
6.21 30.8091
6.22 31.6876
6.23 32.5144
6.24 33.2862
6.25 33.9998
6.26 34.6524
6.27 35.2415
6.28 35.7646
6.29 36.2196
6.3 36.6048
6.31 36.9186
6.32 37.1597
6.33 37.3272
6.34 37.4204
6.35 37.4389
6.36 37.3826
6.37 37.2519
6.38 37.0471
6.39 36.7692
6.4 36.4191
6.41 35.9984
6.42 35.5088
6.43 34.952
6.44 34.3305
6.45 33.6466
6.46 32.9032
6.47 32.1031
6.48 31.2496
6.49 30.3462
6.5 29.3963
6.51 28.4038
6.52 27.3727
6.53 26.3071
6.54 25.2112
6.55 24.0895
6.56 22.9464
6.57 21.7865
6.58 20.6145
6.59 19.435
6.6 18.2527
6.61 17.0723
6.62 15.8987
6.63 14.7364
6.64 13.5902
6.65 12.4646
6.66 11.3641
6.67 10.2931
6.68 9.25589
6.69 8.25663
6.7 7.29932
6.71 6.38778
6.72 5.52565
6.73 4.71638
6.74 3.96321
6.75 3.26914
6.76 2.63697
6.77 2.06921
6.78 1.56813
6.79 1.13574
6.8 0.773761
6.81 0.48365
6.82 0.266565
6.83 0.123371
6.84 0.0546431
6.85 0.060655
6.86 0.141383
6.87 0.296504
6.88 0.525398
6.89 0.827149
6.9 1.20055
6.91 1.64411
6.92 2.15605
6.93 2.73433
6.94 3.37664
6.95 4.0804
6.96 4.8428
6.97 5.66079
6.98 6.5311
6.99 7.45026
7 8.41458
7.01 9.4202
7.02 10.4631
7.03 11.5392
7.04 12.644
7.05 13.7732
7.06 14.9224
7.07 16.0868
7.08 17.2618
7.09 18.4428
7.1 19.6249
7.11 20.8036
7.12 21.974
7.13 23.1315
7.14 24.2714
7.15 25.3893
7.16 26.4805
7.17 27.5409
7.18 28.566
7.19 29.5519
7.2 30.4946
7.21 31.3903
7.22 32.2354
7.23 33.0265
7.24 33.7605
7.25 34.4345
7.26 35.0458
7.27 35.5918
7.28 36.0705
7.29 36.4799
7.3 36.8184
7.31 37.0846
7.32 37.2774
7.33 37.3961
7.34 37.4403
7.35 37.4097
7.36 37.3044
7.37 37.1249
7.38 36.8719
7.39 36.5464
7.4 36.1498
7.41 35.6835
7.42 35.1495
7.43 34.5499
7.44 33.887
7.45 33.1637
7.46 32.3826
7.47 31.547
7.48 30.6602
7.49 29.7258
7.5 28.7475
7.51 27.7291
7.52 26.6748
7.53 25.5888
7.54 24.4755
7.55 23.3392
7.56 22.1845
7.57 21.0161
7.58 19.8386
7.59 18.6567
7.6 17.4752
7.61 16.2987
7.62 15.1321
7.63 13.9798
7.64 12.8467
7.65 11.7371
7.66 10.6555
7.67 9.60628
7.68 8.5936
7.69 7.62152
7.7 6.69391
7.71 5.8145
7.72 4.98679
7.73 4.2141
7.74 3.49951
7.75 2.84589
7.76 2.25584
7.77 1.73174
7.78 1.27566
7.79 0.889447
7.8 0.574632
7.81 0.332478
7.82 0.163954
7.83 0.0697315
7.84 0.0501892
7.85 0.105405
7.86 0.235157
7.87 0.438928
7.88 0.715902
7.89 1.06497
7.9 1.48474
7.91 1.97353
7.92 2.52939
7.93 3.15009
7.94 3.83315
7.95 4.57584
7.96 5.37519
7.97 6.22801
7.98 7.13087
7.99 8.08018
8 9.07214
8.01 10.1028
8.02 11.168
8.03 12.2635
8.04 13.3849
8.05 14.5277
8.06 15.6874
8.07 16.8593
8.08 18.0388
8.09 19.2211
8.1 20.4015
8.11 21.5752
8.12 22.7376
8.13 23.8841
8.14 25.01
8.15 26.1109
8.16 27.1823
8.17 28.2199
8.18 29.2197
8.19 30.1775
8.2 31.0897
8.21 31.9524
8.22 32.7624
8.23 33.5163
8.24 34.2111
8.25 34.8441
8.26 35.4127
8.27 35.9146
8.28 36.3479
8.29 36.7108
8.3 37.0018
8.31 37.2198
8.32 37.3639
8.33 37.4336
8.34 37.4285
8.35 37.3487
8.36 37.1946
8.37 36.9666
8.38 36.6658
8.39 36.2932
8.4 35.8506
8.41 35.3395
8.42 34.762
8.43 34.1205
8.44 33.4175
8.45 32.6558
8.46 31.8385
8.47 30.9688
8.48 30.0503
8.49 29.0865
8.5 28.0814
8.51 27.0389
8.52 25.9633
8.53 24.8587
8.54 23.7298
8.55 22.5809
8.56 21.4167
8.57 20.2417
8.58 19.0608
8.59 17.8786
8.6 16.6999
8.61 15.5294
8.62 14.3717
8.63 13.2315
8.64 12.1133
8.65 11.0217
8.66 9.96094
8.67 8.93531
8.68 7.94891
8.69 7.00568
8.7 6.10939
8.71 5.26363
8.72 4.47177
8.73 3.737
8.74 3.06223
8.75 2.45018
8.76 1.90329
8.77 1.42375
8.78 1.01347
8.79 0.674103
8.8 0.406994
8.81 0.213216
8.82 0.0935442
8.83 0.0484568
8.84 0.0781341
8.85 0.182458
8.86 0.36101
8.87 0.613077
8.88 0.937651
8.89 1.33343
8.9 1.79884
8.91 2.33202
8.92 2.93082
8.93 3.59287
8.94 4.3155
8.95 5.09584
8.96 5.93076
8.97 6.81692
8.98 7.75077
8.99 8.72859
9 9.74646
9.01 10.8003
9.02 11.8859
9.03 12.999
9.04 14.135
9.05 15.2895
9.06 16.4577
9.07 17.6352
9.08 18.817
9.09 19.9986
9.1 21.1751
9.11 22.342
9.12 23.4944
9.13 24.6278
9.14 25.7377
9.15 26.8197
9.16 27.8694
9.17 28.8825
9.18 29.8551
9.19 30.7833
9.2 31.6634
9.21 32.4918
9.22 33.2652
9.23 33.9805
9.24 34.6349
9.25 35.2258
9.26 35.7507
9.27 36.2077
9.28 36.5948
9.29 36.9105
9.3 37.1536
9.31 37.323
9.32 37.4182
9.33 37.4387
9.34 37.3844
9.35 37.2556
9.36 37.0527
9.37 36.7767
9.38 36.4285
9.39 36.0096
9.4 35.5217
9.41 34.9667
9.42 34.3468
9.43 33.6645
9.44 32.9225
9.45 32.1239
9.46 31.2717
9.47 30.3695
9.48 29.4207
9.49 28.4293
9.5 27.3991
9.51 26.3343
9.52 25.2392
9.53 24.1181
9.54 22.9755
9.55 21.816
9.56 20.6442
9.57 19.4648
9.58 18.2825
9.59 17.102
9.6 15.9282
9.61 14.7656
9.62 13.6189
9.63 12.4927
9.64 11.3915
9.65 10.3197
9.66 9.2816
9.67 8.28134
9.68 7.32293
9.69 6.41018
9.7 5.54676
9.71 4.73612
9.72 3.98149
9.73 3.28591
9.74 2.65214
9.75 2.08272
9.76 1.57993
9.77 1.14579
9.78 0.782015
9.79 0.490076
9.8 0.271136
9.81 0.12607
9.82 0.0554586
9.83 0.0595839
9.84 0.138429
9.85 0.29168
9.86 0.518723
9.87 0.81865
9.88 1.19026
9.89 1.63207
9.9 2.14231
9.91 2.71895
9.92 3.35967
9.93 4.06191
9.94 4.82287
9.95 5.6395
9.96 6.50853
9.97 7.4265
9.98 8.38972
9.99 9.39436
10 10.4364
