1 8.31361e-15
1.1 1.31115e-14
1.2 2.08021e-14
1.3 3.32113e-14
1.4 5.33744e-14
1.5 8.63785e-14
1.6 1.40823e-13
1.7 2.31378e-13
1.8 3.8332e-13
1.9 6.40646e-13
2 1.0808e-12
2.1 1.84175e-12
2.2 3.1724e-12
2.3 5.52817e-12
2.4 9.7548e-12
2.5 1.74489e-11
2.6 3.16788e-11
2.7 5.84587e-11
2.8 1.09837e-10
2.9 2.10543e-10
3 4.12746e-10
3.1 8.2998e-10
3.2 1.71833e-09
3.3 3.67998e-09
3.4 8.20291e-09
3.5 1.91908e-08
3.6 4.76773e-08
3.7 1.2799e-07
3.8 3.81667e-07
3.9 1.32674e-06
4 5.91097e-06
4.1 2.82378e-05
4.2 7.2804e-05
4.3 0.000120187
4.4 0.000176288
4.5 0.000242315
4.6 0.000319624
4.7 0.000409725
4.8 0.000514284
4.9 0.000635149
5 0.000774414
5.1 0.000934286
5.2 0.00111731
5.3 0.00132759
5.4 0.0015663
5.5 0.00183776
5.6 0.00214578
5.7 0.00249444
5.8 0.00288847
5.9 0.00333272
6 0.00383322
6.1 0.00439539
6.2 0.00502619
6.3 0.00573272
6.4 0.00652279
6.5 0.00740502
6.6 0.008389
6.7 0.00948401
6.8 0.0107021
6.9 0.0120534
7 0.013552
7.1 0.0152099
7.2 0.0170429
7.3 0.0190649
7.4 0.0212925
7.5 0.0237444
7.6 0.0264371
7.7 0.029392
7.8 0.0326256
7.9 0.0361592
8 0.0400218
8.1 0.0442211
8.2 0.0487911
8.3 0.0537565
8.4 0.0591266
8.5 0.0649369
8.6 0.0712056
8.7 0.0779559
8.8 0.0852067
8.9 0.0929808
9 0.101295
9.1 0.110164
9.2 0.1196
9.3 0.129624
9.4 0.14023
9.5 0.15143
9.6 0.163211
9.7 0.175611
9.8 0.18855
9.9 0.202058
10 0.216135
10.1 0.230697
10.2 0.245787
10.3 0.261291
10.4 0.277271
10.5 0.29358
10.6 0.310213
10.7 0.327206
10.8 0.344307
10.9 0.361621
11 0.379069
11.1 0.396637
11.2 0.414106
11.3 0.431576
11.4 0.449149
11.5 0.466384
11.6 0.483467
11.7 0.500282
11.8 0.516838
11.9 0.533125
12 0.548981
12.1 0.564504
12.2 0.579623
12.3 0.594363
12.4 0.608596
12.5 0.622428
12.6 0.635794
12.7 0.648696
12.8 0.661147
12.9 0.673126
13 0.684634
13.1 0.695689
13.2 0.706292
13.3 0.716454
13.4 0.72618
13.5 0.735485
13.6 0.744376
13.7 0.752877
13.8 0.761018
13.9 0.768741
14 0.776125
14.1 0.783157
14.2 0.789897
14.3 0.796283
14.4 0.802393
14.5 0.808212
14.6 0.813748
14.7 0.81903
14.8 0.824079
14.9 0.828889
15 0.833405
