   0.00000000       1.00000000    
   9.99999978E-03   1.00000000    
   1.99999996E-02  0.999999762    
   2.99999993E-02  0.999998927    
   3.99999991E-02  0.999997735    
   4.99999970E-02  0.999996066    
   5.99999987E-02  0.999994040    
   7.00000003E-02  0.999991655    
   7.99999982E-02  0.999988914    
   8.99999961E-02  0.999985695    
   9.99999940E-02  0.999982238    
  0.109999999      0.999978662    
  0.119999997      0.999974728    
  0.129999995      0.999970555    
  0.140000001      0.999966145    
  0.149999991      0.999961376    
  0.159999996      0.999956608    
  0.170000002      0.999951839    
  0.179999992      0.999946952    
  0.189999998      0.999941945    
  0.199999988      0.999937057    
  0.209999993      0.999932051    
  0.219999999      0.999927163    
  0.229999989      0.999922395    
  0.239999995      0.999917865    
  0.250000000      0.999913454    
  0.259999990      0.999909282    
  0.269999981      0.999905348    
  0.280000001      0.999901652    
  0.289999992      0.999898314    
  0.299999982      0.999895334    
  0.310000002      0.999892712    
  0.319999993      0.999890447    
  0.329999983      0.999888420    
  0.340000004      0.999886870    
  0.349999994      0.999885678    
  0.359999985      0.999884725    
  0.370000005      0.999884248    
  0.379999995      0.999884248    
  0.389999986      0.999884605    
  0.399999976      0.999885440    
  0.409999996      0.999886632    
  0.419999987      0.999888062    
  0.429999977      0.999889851    
  0.439999998      0.999891996    
  0.449999988      0.999894500    
  0.459999979      0.999897480    
  0.469999999      0.999900699    
  0.479999989      0.999904275    
  0.489999980      0.999907970    
  0.500000000      0.999912024    
  0.509999990      0.999916315    
  0.519999981      0.999920726    
  0.529999971      0.999925137    
  0.539999962      0.999929786    
  0.550000012      0.999934554    
  0.560000002      0.999939203    
  0.569999993      0.999943972    
  0.579999983      0.999948740    
  0.589999974      0.999953270    
  0.599999964      0.999957919    
  0.610000014      0.999962330    
  0.620000005      0.999966621    
  0.629999995      0.999970794    
  0.639999986      0.999974608    
  0.649999976      0.999978065    
  0.659999967      0.999981403    
  0.669999957      0.999984264    
  0.680000007      0.999986887    
  0.689999998      0.999989152    
  0.699999988      0.999991059    
  0.709999979      0.999992609    
  0.719999969      0.999993801    
  0.729999959      0.999994636    
  0.740000010      0.999995232    
  0.750000000      0.999995351    
  0.759999990      0.999994993    
  0.769999981      0.999994159    
  0.779999971      0.999993086    
  0.789999962      0.999991536    
  0.799999952      0.999989748    
  0.810000002      0.999987602    
  0.819999993      0.999985099    
  0.829999983      0.999982238    
  0.839999974      0.999979138    
  0.849999964      0.999975562    
  0.859999955      0.999971628    
  0.870000005      0.999967575    
  0.879999995      0.999963403    
  0.889999986      0.999959111    
  0.899999976      0.999954462    
  0.909999967      0.999949813    
  0.919999957      0.999945045    
  0.930000007      0.999940276    
  0.939999998      0.999935389    
  0.949999988      0.999930620    
  0.959999979      0.999926090    
  0.969999969      0.999921560    
  0.979999959      0.999917269    
  0.989999950      0.999913096    
   1.00000000      0.999909163    
   1.00999999      0.999905467    
   1.01999998      0.999902010    
   1.02999997      0.999898791    
   1.03999996      0.999895811    
   1.04999995      0.999893188    
   1.05999994      0.999890685    
   1.06999993      0.999888659    
   1.07999992      0.999886870    
   1.09000003      0.999885440    
   1.10000002      0.999884486    
   1.11000001      0.999883771    
   1.12000000      0.999883533    
   1.13000000      0.999883652    
   1.13999999      0.999884367    
   1.14999998      0.999885440    
   1.15999997      0.999886990    
   1.16999996      0.999889016    
   1.17999995      0.999891520    
   1.18999994      0.999894261    
   1.19999993      0.999897361    
   1.20999992      0.999900818    
   1.22000003      0.999904513    
   1.23000002      0.999908447    
   1.24000001      0.999912739    
   1.25000000      0.999917030    
   1.25999999      0.999921679    
   1.26999998      0.999926329    
   1.27999997      0.999931216    
   1.28999996      0.999935985    
   1.29999995      0.999940753    
   1.30999994      0.999945641    
   1.31999993      0.999950290    
   1.32999992      0.999954939    
   1.33999991      0.999959230    
   1.35000002      0.999963522    
   1.36000001      0.999967456    
   1.37000000      0.999971390    
   1.38000000      0.999974966    
   1.38999999      0.999978304    
   1.39999998      0.999981523    
   1.40999997      0.999984384    
   1.41999996      0.999987006    
   1.42999995      0.999989152    
   1.43999994      0.999990940    
   1.44999993      0.999992490    
   1.45999992      0.999993563    
   1.46999991      0.999994040    
   1.48000002      0.999994159    
   1.49000001      0.999993920    
   1.50000000      0.999993086    
   1.50999999      0.999992013    
   1.51999998      0.999990463    
   1.52999997      0.999988556    
   1.53999996      0.999986410    
   1.54999995      0.999983907    
   1.55999994      0.999981165    
   1.56999993      0.999978065    
   1.57999992      0.999974728    
   1.58999991      0.999971151    
   1.59999990      0.999967337    
   1.61000001      0.999963403    
   1.62000000      0.999959111    
   1.63000000      0.999954700    
   1.63999999      0.999950171    
   1.64999998      0.999945641    
   1.65999997      0.999940753    
   1.66999996      0.999935865    
   1.67999995      0.999931097    
   1.68999994      0.999926209    
   1.69999993      0.999921322    
   1.70999992      0.999916673    
   1.71999991      0.999911904    
   1.73000002      0.999907374    
   1.74000001      0.999902964    
   1.75000000      0.999898672    
   1.75999999      0.999894738    
   1.76999998      0.999891162    
   1.77999997      0.999887943    
   1.78999996      0.999885201    
   1.79999995      0.999882698    
   1.80999994      0.999880433    
   1.81999993      0.999878645    
   1.82999992      0.999877214    
   1.83999991      0.999876142    
   1.84999990      0.999875546    
   1.86000001      0.999875307    
   1.87000000      0.999875546    
   1.88000000      0.999876022    
   1.88999999      0.999876976    
   1.89999998      0.999878168    
   1.90999997      0.999879837    
   1.91999996      0.999881864    
   1.92999995      0.999884367    
   1.93999994      0.999887109    
   1.94999993      0.999890208    
   1.95999992      0.999893427    
   1.96999991      0.999897003    
   1.97999990      0.999900818    
   1.99000001      0.999904633    
   2.00000000      0.999908805    
   2.00999999      0.999913096    
   2.01999998      0.999917626    
   2.02999997      0.999922276    
   2.03999996      0.999927044    
   2.04999995      0.999931931    
   2.05999994      0.999936938    
   2.06999993      0.999941945    
   2.07999992      0.999946833    
   2.08999991      0.999951601    
   2.09999990      0.999956131    
   2.10999990      0.999960542    
   2.11999989      0.999964714    
   2.12999988      0.999968767    
   2.13999987      0.999972582    
   2.14999986      0.999976039    
   2.15999985      0.999979377    
   2.16999984      0.999982357    
   2.18000007      0.999984860    
   2.19000006      0.999986887    
   2.20000005      0.999988556    
   2.21000004      0.999989986    
   2.22000003      0.999990821    
   2.23000002      0.999991179    
   2.24000001      0.999991059    
   2.25000000      0.999990702    
   2.25999999      0.999989986    
   2.26999998      0.999988914    
   2.27999997      0.999987364    
   2.28999996      0.999985576    
   2.29999995      0.999983430    
   2.30999994      0.999981046    
   2.31999993      0.999978423    
   2.32999992      0.999975324    
   2.33999991      0.999971867    
   2.34999990      0.999968052    
   2.35999990      0.999963999    
   2.36999989      0.999959826    
   2.37999988      0.999955297    
   2.38999987      0.999950528    
   2.39999986      0.999945760    
   2.40999985      0.999940872    
   2.41999984      0.999936104    
   2.42999983      0.999931216    
   2.44000006      0.999926448    
   2.45000005      0.999921679    
   2.46000004      0.999916911    
   2.47000003      0.999912381    
   2.48000002      0.999907970    
   2.49000001      0.999903798    
   2.50000000      0.999899864    
   2.50999999      0.999896049    
   2.51999998      0.999892473    
   2.52999997      0.999889374    
   2.53999996      0.999886394    
   2.54999995      0.999883652    
   2.55999994      0.999881387    
   2.56999993      0.999879599    
   2.57999992      0.999878287    
   2.58999991      0.999877334    
   2.59999990      0.999876857    
   2.60999990      0.999876738    
   2.61999989      0.999876976    
   2.62999988      0.999877810    
   2.63999987      0.999879003    
   2.64999986      0.999880672    
   2.65999985      0.999882579    
   2.66999984      0.999885082    
   2.67999983      0.999887943    
   2.69000006      0.999891043    
   2.70000005      0.999894500    
   2.71000004      0.999898434    
   2.72000003      0.999902606    
   2.73000002      0.999907136    
   2.74000001      0.999911785    
   2.75000000      0.999916673    
   2.75999999      0.999921799    
   2.76999998      0.999926925    
   2.77999997      0.999932170    
   2.78999996      0.999937296    
   2.79999995      0.999942422    
   2.80999994      0.999947429    
   2.81999993      0.999952435    
   2.82999992      0.999957085    
   2.83999991      0.999961495    
   2.84999990      0.999965668    
   2.85999990      0.999969721    
   2.86999989      0.999973416    
   2.87999988      0.999976993    
   2.88999987      0.999980092    
   2.89999986      0.999982834    
   2.90999985      0.999985218    
   2.91999984      0.999987245    
   2.92999983      0.999988914    
   2.93999982      0.999990225    
   2.95000005      0.999991059    
   2.96000004      0.999991536    
   2.97000003      0.999991417    
   2.98000002      0.999990940    
   2.99000001      0.999989867    
   3.00000000      0.999988437    
   3.00999999      0.999986649    
   3.01999998      0.999984384    
   3.02999997      0.999981880    
   3.03999996      0.999979019    
   3.04999995      0.999975920    
   3.05999994      0.999972343    
   3.06999993      0.999968529    
   3.07999992      0.999964476    
   3.08999991      0.999960184    
   3.09999990      0.999955773    
   3.10999990      0.999951124    
   3.11999989      0.999946475    
   3.12999988      0.999941707    
   3.13999987      0.999936819    
   3.14999986      0.999931812    
   3.15999985      0.999927044    
   3.16999984      0.999922276    
   3.17999983      0.999917746    
   3.18999982      0.999913335    
   3.19999981      0.999908924    
   3.21000004      0.999904752    
   3.22000003      0.999900699    
   3.23000002      0.999897122    
   3.24000001      0.999893665    
   3.25000000      0.999890685    
   3.25999999      0.999888062    
   3.26999998      0.999885798    
   3.27999997      0.999883890    
   3.28999996      0.999882221    
   3.29999995      0.999881029    
   3.30999994      0.999880433    
   3.31999993      0.999880075    
   3.32999992      0.999879956    
   3.33999991      0.999880195    
   3.34999990      0.999880910    
   3.35999990      0.999882102    
   3.36999989      0.999883652    
   3.37999988      0.999885559    
   3.38999987      0.999887824    
   3.39999986      0.999890327    
   3.40999985      0.999893188    
   3.41999984      0.999896407    
   3.42999983      0.999899983    
   3.43999982      0.999903560    
   3.44999981      0.999907494    
   3.46000004      0.999911427    
   3.47000003      0.999915481    
   3.48000002      0.999919653    
   3.49000001      0.999923944    
   3.50000000      0.999928355    
   3.50999999      0.999932766    
   3.51999998      0.999937296    
   3.52999997      0.999941707    
   3.53999996      0.999945998    
   3.54999995      0.999950290    
   3.55999994      0.999954462    
   3.56999993      0.999958515    
   3.57999992      0.999962449    
   3.58999991      0.999966145    
   3.59999990      0.999969602    
   3.60999990      0.999972939    
   3.61999989      0.999975801    
   3.62999988      0.999978542    
   3.63999987      0.999981046    
   3.64999986      0.999983430    
   3.65999985      0.999985576    
   3.66999984      0.999987245    
   3.67999983      0.999988675    
   3.68999982      0.999989867    
   3.69999981      0.999990582    
   3.70999980      0.999991059    
   3.72000003      0.999991059    
   3.73000002      0.999990702    
   3.74000001      0.999989867    
   3.75000000      0.999988675    
   3.75999999      0.999987245    
   3.76999998      0.999985456    
   3.77999997      0.999983430    
   3.78999996      0.999981046    
   3.79999995      0.999978542    
   3.80999994      0.999975562    
   3.81999993      0.999972582    
   3.82999992      0.999969363    
   3.83999991      0.999965906    
   3.84999990      0.999962330    
   3.85999990      0.999958634    
   3.86999989      0.999954700    
   3.87999988      0.999950528    
   3.88999987      0.999946237    
   3.89999986      0.999941945    
   3.90999985      0.999937534    
   3.91999984      0.999933243    
   3.92999983      0.999928832    
   3.93999982      0.999924660    
   3.94999981      0.999920607    
   3.95999980      0.999916792    
   3.97000003      0.999912977    
   3.98000002      0.999909520    
   3.99000001      0.999906301    
   4.00000000      0.999903202    
   4.00999975       1.00349998    
   4.01999998       1.01069653    
   4.02999973       1.02149272    
   4.03999996       1.03588891    
   4.04999971       1.05388451    
   4.05999994       1.07548034    
   4.06999969       1.10067570    
   4.07999992       1.12947094    
   4.08999968       1.16186595    
   4.09999990       1.19786096    
   4.11000013       1.23745561    
   4.11999989       1.28065002    
   4.13000011       1.32744420    
   4.13999987       1.37783837    
   4.15000010       1.43183231    
   4.15999985       1.48942590    
   4.17000008       1.55061936    
   4.17999983       1.61541259    
   4.19000006       1.68380570    
   4.19999981       1.75579858    
   4.21000004       1.83139145    
   4.21999979       1.91058397    
   4.23000002       1.99337626    
   4.23999977       2.07976842    
   4.25000000       2.16976047    
   4.25999975       2.26335216    
   4.26999998       2.36054349    
   4.27999973       2.46133494    
   4.28999996       2.56572604    
   4.29999971       2.67371702    
   4.30999994       2.78530765    
   4.31999969       2.90049839    
   4.32999992       3.01928854    
   4.33999968       3.14167857    
   4.34999990       3.26766920    
   4.36000013       3.39725876    
   4.36999989       3.53044868    
   4.38000011       3.66723800    
   4.38999987       3.80762768    
   4.40000010       3.95161653    
   4.40999985       4.09920597    
   4.42000008       4.25039387    
   4.42999983       4.40518332    
   4.44000006       4.56357145    
   4.44999981       4.72555971    
   4.46000004       4.89114761    
   4.46999979       5.06033516    
   4.48000002       5.23312378    
   4.48999977       5.40951061    
   4.50000000       5.58949852    
   4.50999975       5.77308512    
   4.51999998       5.96027231    
   4.52999973       6.15105867    
   4.53999996       6.34544516    
   4.54999971       6.54343176    
   4.55999994       6.74501753    
   4.56999969       6.95020390    
   4.57999992       7.15898991    
   4.58999968       7.37137604    
   4.59999990       7.58736038    
   4.61000013       7.80694580    
   4.61999989       8.03013134    
   4.63000011       8.25691700    
   4.63999987       8.48730087    
   4.65000010       8.72128487    
   4.65999985       8.95886993    
   4.67000008       9.20005322    
   4.67999983       9.44483852    
   4.69000006       9.69322205    
   4.69999981       9.94520473    
   4.71000004       10.2007895    
   4.71999979       10.4599724    
   4.73000002       10.7227554    
   4.73999977       10.9891386    
   4.75000000       11.2591209    
   4.75999975       11.5327034    
   4.76999998       11.8098850    
   4.77999973       12.0906677    
   4.78999996       12.3750486    
   4.79999971       12.6630316    
   4.80999994       12.9546127    
   4.81999969       13.2497931    
   4.82999992       13.5485744    
   4.83999968       13.8509569    
   4.84999990       14.1569357    
   4.85999966       14.4665174    
   4.86999989       14.7796984    
   4.88000011       15.0964785    
   4.88999987       15.4168577    
   4.90000010       15.7408381    
   4.90999985       16.0684166    
   4.92000008       16.3995972    
   4.92999983       16.7343769    
   4.94000006       17.0727539    
   4.94999981       17.4147358    
   4.96000004       17.7603130    
   4.96999979       18.1094894    
   4.98000002       18.4622707    
   4.98999977       18.8186474    
   5.00000000       19.1786251    
   5.00999975       19.5422058    
   5.01999998       19.8384380    
   5.02999973       20.0651970    
   5.03999996       20.2208500    
   5.04999971       20.3042736    
   5.05999994       20.3148670    
   5.06999969       20.2525578    
   5.07999992       20.1177921    
   5.08999968       19.9115410    
   5.09999990       19.6352882    
   5.10999966       19.2910233    
   5.11999989       18.8812199    
   5.13000011       18.4088345    
   5.13999987       17.8772564    
   5.15000010       17.2903194    
   5.15999985       16.6522446    
   5.17000008       15.9676218    
   5.17999983       15.2413797    
   5.19000006       14.4787436    
   5.19999981       13.6852016    
   5.21000004       12.8664637    
   5.21999979       12.0284262    
   5.23000002       11.1771164    
   5.23999977       10.3186636    
   5.25000000       9.45924282    
   5.25999975       8.60504055    
   5.26999998       7.76220512    
   5.27999973       6.93679953    
   5.28999996       6.13476467    
   5.29999971       5.36187172    
   5.30999994       4.62368441    
   5.31999969       3.92551470    
   5.32999992       3.27238607    
   5.33999968       2.66899943    
   5.34999990       2.11969709    
   5.35999966       1.62843192    
   5.36999989       1.19874001    
   5.38000011      0.833712757    
   5.38999987      0.535977781    
   5.40000010      0.307677418    
   5.40999985      0.150454685    
   5.42000008       6.54411167E-02
   5.42999983       5.32484949E-02
   5.44000006      0.113964558    
   5.44999981      0.247152373    
   5.46000004      0.451853424    
   5.46999979      0.726594687    
   5.48000002       1.06939888    
   5.48999977       1.47779906    
   5.50000000       1.94885600    
   5.50999975       2.47917962    
   5.51999998       3.06495380    
   5.52999973       3.70196223    
   5.53999996       4.38562107    
   5.54999971       5.11101151    
   5.55999994       5.87291098    
   5.56999969       6.66583872    
   5.57999992       7.48408794    
   5.58999968       8.32176781    
   5.59999990       9.17285442    
   5.60999966       10.0312185    
   5.61999989       10.8906860    
   5.62999964       11.7450695    
   5.63999987       12.5882235    
   5.65000010       13.4140768    
   5.65999985       14.2166882    
   5.67000008       14.9902792    
   5.67999983       15.7292852    
   5.69000006       16.4283905    
   5.69999981       17.0825596    
   5.71000004       17.6870823    
   5.71999979       18.2376156    
   5.73000002       18.7301941    
   5.73999977       19.1612759    
   5.75000000       19.5277519    
   5.75999975       19.8269920    
   5.76999998       20.0568371    
   5.77999973       20.2156353    
   5.78999996       20.3022442    
   5.79999971       20.3160362    
   5.80999994       20.2569180    
   5.81999969       20.1253128    
   5.82999992       19.9221725    
   5.83999968       19.6489525    
   5.84999990       19.3076229    
   5.85999966       18.9006386    
   5.86999989       18.4309273    
   5.87999964       17.9018688    
   5.88999987       17.3172684    
   5.90000010       16.6813393    
   5.90999985       15.9986515    
   5.92000008       15.2741222    
   5.92999983       14.5129623    
   5.94000006       13.7206545    
   5.94999981       12.9028959    
   5.96000004       12.0655746    
   5.96999979       11.2147169    
   5.98000002       10.3564425    
   5.98999977       9.49693108    
   6.00000000       8.64236546    
   6.00999975       7.79889774    
   6.01999998       6.97259712    
   6.02999973       6.16941023    
   6.03999996       5.39511681    
   6.04999971       4.65529013    
   6.05999994       3.95525312    
   6.06999969       3.30004358    
   6.07999992       2.69437790    
   6.08999968       2.14261365    
   6.09999990       1.64872253    
   6.10999966       1.21625805    
   6.11999989      0.848332703    
   6.12999964      0.547594428    
   6.13999987      0.316207677    
   6.15000010      0.155837372    
   6.15999985       6.76377639E-02
   6.17000008       5.22435717E-02
   6.17999983      0.109765567    
   6.19000006      0.239789829    
   6.19999981      0.441380620    
   6.21000004      0.713087142    
   6.21999979       1.05295396    
   6.23000002       1.45853531    
   6.23999977       1.92691243    
   6.25000000       2.45471430    
   6.25999975       3.03814340    
   6.26999998       3.67300057    
   6.27999973       4.35471678    
   6.28999996       5.07838678    
   6.29999971       5.83880091    
   6.30999994       6.63048887    
   6.31999969       7.44775105    
   6.32999992       8.28470707    
   6.33999968       9.13533211    
   6.34999990       9.99350834    
   6.35999966       10.8530588    
   6.36999989       11.7077990    
   6.37999964       12.5515747    
   6.38999987       13.3783159    
   6.39999962       14.1820736    
   6.40999985       14.9570608    
   6.42000008       15.6976986    
   6.42999983       16.3986588    
   6.44000006       17.0548954    
   6.44999981       17.6616898    
   6.46000004       18.2146740    
   6.46999979       18.7098675    
   6.48000002       19.1437035    
   6.48999977       19.5130672    
   6.50000000       19.8152962    
   6.50999975       20.0482159    
   6.51999998       20.2101479    
   6.52999973       20.2999287    
   6.53999996       20.3169136    
   6.54999971       20.2609787    
   6.55999994       20.1325264    
   6.56999969       19.9324837    
   6.57999992       19.6622925    
   6.58999968       19.3238888    
   6.59999990       18.9197159    
   6.60999966       18.4526749    
   6.61999989       17.9261360    
   6.62999964       17.3438797    
   6.63999987       16.7101021    
   6.64999962       16.0293598    
   6.65999985       15.3065529    
   6.67000008       14.5468845    
   6.67999983       13.7558222    
   6.69000006       12.9390602    
   6.69999981       12.1024714    
   6.71000004       11.2520790    
   6.71999979       10.3940039    
   6.73000002       9.53441811    
   6.73999977       8.67950916    
   6.75000000       7.83543015    
   6.75999975       7.00825644    
   6.76999998       6.20393801    
   6.77999973       5.42826414    
   6.78999996       4.68681812    
   6.79999971       3.98493481    
   6.80999994       3.32766581    
   6.81999969       2.71974182    
   6.82999992       2.16553736    
   6.83999968       1.66904056    
   6.84999990       1.23382425    
   6.85999966      0.863020897    
   6.86999989      0.559298694    
   6.87999964      0.324843585    
   6.88999987      0.161342859    
   6.89999962       6.99730143E-02
   6.90999985       5.13916649E-02
   6.92000008      0.105732493    
   6.92999983      0.232604444    
   6.94000006      0.431094527    
   6.94999981      0.699774325    
   6.96000004       1.03671050    
   6.96999979       1.43947768    
   6.98000002       1.90517819    
   6.98999977       2.43045998    
   7.00000000       3.01154351    
   7.00999975       3.64424610    
   7.01999998       4.32401562    
   7.02999973       5.04595900    
   7.03999996       5.80488205    
   7.04999971       6.59532261    
   7.05999994       7.41159248    
   7.06999969       8.24781513    
   7.07999992       9.09797668    
   7.08999968       9.95595646    
   7.09999990       10.8155794    
   7.10999966       11.6706600    
   7.11999989       12.5150442    
   7.12999964       13.3426561    
   7.13999987       14.1475363    
   7.14999962       14.9238977    
   7.15999985       15.6661501    
   7.17000008       16.3689537    
   7.17999983       17.0272484    
   7.19000006       17.6362972    
   7.19999981       18.1917171    
   7.21000004       18.6895123    
   7.21999979       19.1260948    
   7.23000002       19.4983311    
   7.23999977       19.8035336    
   7.25000000       20.0395145    
   7.25999975       20.2045746    
   7.26999998       20.2975178    
   7.27999973       20.3176861    
   7.28999996       20.2649326    
   7.29999971       20.1396313    
   7.30999994       19.9426861    
   7.31999969       19.6755142    
   7.32999992       19.3400440    
   7.33999968       18.9386864    
   7.34999990       18.4743233    
   7.35999966       17.9503021    
   7.36999989       17.3703938    
   7.37999964       16.7387676    
   7.38999987       16.0599728    
   7.39999962       15.3388948    
   7.40999985       14.5807209    
   7.41999960       13.7909060    
   7.42999983       12.9751387    
   7.44000006       12.1392889    
   7.44999981       11.2893705    
   7.46000004       10.4314985    
   7.46999979       9.57184792    
   7.48000002       8.71660519    
   7.48999977       7.87192488    
   7.50000000       7.04388571    
   7.50999975       6.23844671    
   7.51999998       5.46140480    
   7.52999973       4.71835327    
   7.53999996       4.01463699    
   7.54999971       3.35532141    
   7.55999994       2.74515104    
   7.56999969       2.18851733    
   7.57999992       1.68942559    
   7.58999968       1.25146782    
   7.59999990      0.877796412    
   7.60999966      0.571099877    
   7.61999989      0.333585620    
   7.62999964      0.166962802    
   7.63999987       7.24305362E-02
   7.64999962       5.06690815E-02
   7.65999985      0.101835057    
   7.66999960      0.225560278    
   7.67999983      0.420954287    
   7.69000006      0.686611056    
   7.69999981       1.02061844    
   7.71000004       1.42057312    
   7.71999979       1.88359678    
   7.73000002       2.40635729    
   7.73999977       2.98509264    
   7.75000000       3.61563826    
   7.75999975       4.29345560    
   7.76999998       5.01366806    
   7.77999973       5.77109051    
   7.78999996       6.56027269    
   7.79999971       7.37553501    
   7.80999994       8.21101093    
   7.81999969       9.06068802    
   7.82999992       9.91845322    
   7.83999968       10.7781315    
   7.84999990       11.6335354    
   7.85999966       12.4785128    
   7.86999989       13.3069754    
   7.87999964       14.1129694    
   7.88999987       14.8906898    
   7.89999962       15.6345387    
   7.90999985       16.3391647    
   7.91999960       16.9995003    
   7.92999983       17.6107864    
   7.94000006       18.1686287    
   7.94999981       18.6690102    
   7.96000004       19.1083317    
   7.96999979       19.4834347    
   7.98000002       19.7916145    
   7.98999977       20.0306568    
   8.00000000       20.1988392    
   8.01000023       20.2949486    
   8.01999950       20.3182964    
   8.02999973       20.2687149    
   8.03999996       20.1465607    
   8.05000019       19.9527092    
   8.05999947       19.6885586    
   8.06999969       19.3560104    
   8.07999992       18.9574623    
   8.09000015       18.4957714    
   8.09999943       17.9742661    
   8.10999966       17.3967037    
   8.11999989       16.7672348    
   8.13000011       16.0903950    
   8.13999939       15.3710480    
   8.14999962       14.6143770    
   8.15999985       13.8258266    
   8.17000008       13.0110693    
   8.17999935       12.1759682    
   8.18999958       11.3265343    
   8.19999981       10.4688787    
   8.21000004       9.60917759    
   8.22000027       8.75361347    
   8.22999954       7.90834713    
   8.23999977       7.07946062    
   8.25000000       6.27291965    
   8.26000023       5.49452639    
   8.26999950       4.74988413    
   8.27999973       4.04435062    
   8.28999996       3.38300490    
   8.30000019       2.77060556    
   8.30999947       2.21155906    
   8.31999969       1.70988894    
   8.32999992       1.26920557    
   8.34000015      0.892679989    
   8.34999943      0.583022058    
   8.35999966      0.342460394    
   8.36999989      0.172725931    
   8.38000011       7.50403479E-02
   8.38999939       5.01065925E-02
   8.39999962       9.81041119E-02
   8.40999985      0.218687460    
   8.42000008      0.410988957    
   8.42999935      0.673624694    
   8.43999958       1.00470471    
   8.44999981       1.40184641    
   8.46000004       1.86219120    
   8.47000027       2.38242674    
   8.47999954       2.95880890    
   8.48999977       3.58719015    
   8.50000000       4.26304674    
   8.51000023       4.98151684    
   8.51999950       5.73742867    
   8.52999973       6.52534294    
   8.53999996       7.33958864    
   8.55000019       8.17430782    
   8.55999947       9.02348995    
   8.56999969       9.88102627    
   8.57999992       10.7407465    
   8.59000015       11.5964622    
   8.59999943       12.4420176    
   8.60999966       13.2713270    
   8.61999989       14.0784187    
   8.63000011       14.8574886    
   8.63999939       15.6029282    
   8.64999962       16.3093700    
   8.65999985       16.9717350    
   8.67000008       17.5852547    
   8.67999935       18.1455135    
   8.68999958       18.6484795    
   8.69999981       19.0905323    
   8.71000004       19.4684925    
   8.72000027       19.7796383    
   8.72999954       20.0217285    
   8.73999977       20.1930275    
   8.75000000       20.2922935    
   8.76000023       20.3188171    
   8.76999950       20.2724113    
   8.77999973       20.1534023    
   8.78999996       19.9626522    
   8.80000019       19.7015343    
   8.80999947       19.3719273    
   8.81999969       18.9761982    
   8.82999992       18.5172005    
   8.84000015       17.9982338    
   8.84999943       17.4230347    
   8.85999966       16.7957420    
   8.86999989       16.1208668    
   8.88000011       15.4032736    
   8.88999939       14.6481218    
   8.89999962       13.8608446    
   8.90999985       13.0471106    
   8.92000008       12.2127762    
   8.92999935       11.3638420    
   8.93999958       10.5064220    
   8.94999981       9.64668369    
   8.96000004       8.79081345    
   8.97000027       7.94497061    
   8.97999954       7.11524487    
   8.98999977       6.30760527    
   9.00000000       5.52786398    
   9.01000023       4.78163338    
   9.01999950       4.07428312    
   9.02999973       3.41090393    
   9.03999996       2.79627061    
   9.05000019       2.23480606    
   9.05999947       1.73055100    
   9.06999969       1.28713417    
   9.07999992      0.907746255    
   9.09000015      0.595117688    
   9.09999943      0.351498365    
   9.10999966      0.178641513    
   9.11999989       7.77911097E-02
   9.13000011       4.96728532E-02
   9.13999939       9.44891125E-02
   9.14999962      0.211917385    
   9.15999985      0.401112527    
   9.17000008      0.660713077    
   9.17999935      0.988850832    
   9.18999958       1.38316417    
   9.19999981       1.84081554    
   9.21000004       2.35851121    
   9.22000027       2.93252563    
   9.22999954       3.55872846    
   9.23999977       4.23261213    
   9.25000000       4.94932795    
   9.26000023       5.70371914    
   9.26999950       6.49035454    
   9.27999973       7.30357361    
   9.28999996       8.13752556    
   9.30000019       8.98620701    
   9.30999947       9.84350967    
   9.31999969       10.7032671    
   9.32999992       11.5592890    
   9.34000015       12.4054184    
   9.34999943       13.2355614    
   9.35999966       14.0437489    
   9.36999989       14.8241625    
   9.38000011       15.5711880    
   9.38999939       16.2794456    
   9.39999962       16.9438438    
   9.40999985       17.5595970    
   9.42000008       18.1222763    
   9.42999935       18.6278267    
   9.43999958       19.0726147    
   9.44999981       19.4534359    
   9.46000004       19.7675533    
   9.46999931       20.0127029    
   9.47999954       20.1871262    
   9.48999977       20.2895622    
   9.50000000       20.3192768    
   9.51000023       20.2760582    
   9.51999950       20.1602097    
   9.52999973       19.9725742    
   9.53999996       19.7144985    
   9.55000019       19.3878365    
   9.55999947       18.9949436    
   9.56999969       18.5386448    
   9.57999992       18.0222263    
   9.59000015       17.4493999    
   9.59999943       16.8242931    
   9.60999966       16.1514034    
   9.61999989       15.4355698    
   9.63000011       14.6819458    
   9.63999939       13.8959513    
   9.64999962       13.0832472    
   9.65999985       12.2496815    
   9.67000008       11.4012518    
   9.67999935       10.5440664    
   9.68999958       9.68429470    
   9.69999981       8.82812023    
   9.71000004       7.98170567    
   9.71999931       7.15114069    
   9.72999954       6.34240580    
   9.73999977       5.56131792    
   9.75000000       4.81350088    
   9.76000023       4.10433722    
   9.76999950       3.43892813    
   9.77999973       2.82206416    
   9.78999996       2.25818348    
   9.80000019       1.75134468    
   9.80999947       1.30519497    
   9.81999969      0.922944903    
   9.82999992      0.607345343    
   9.84000015      0.360667318    
   9.84999943      0.184686139    
   9.85999966       8.06682631E-02
   9.86999989       4.93622497E-02
   9.88000011       9.09934193E-02
   9.88999939      0.205262154    
   9.89999962      0.391346097    
   9.90999985      0.647906303    
   9.92000008      0.973095953    
   9.92999935       1.36457515    
   9.93999958       1.81952655    
   9.94999981       2.33467579    
   9.96000004       2.90631580    
   9.96999931       3.53033304    
   9.97999954       4.20223570    
   9.98999977       4.91718960    
   10.0000000       5.67005014    
