   1.00000000       4.89923812E-04
   1.10000002       5.59654261E-04
   1.20000005       6.34409836E-04
   1.29999995       7.14211492E-04
   1.39999998       7.99464760E-04
   1.50000000       8.90627154E-04
   1.60000002       9.86541738E-04
   1.70000005       1.09009119E-03
   1.79999995       1.20047852E-03
   1.90000010       1.31824706E-03
   2.00000000       1.44347257E-03
   2.09999990       1.57715857E-03
   2.20000005       1.71968038E-03
   2.30000019       1.87158235E-03
   2.40000010       2.03338056E-03
   2.50000000       2.20387243E-03
   2.59999990       2.38732994E-03
   2.70000005       2.58270139E-03
   2.80000019       2.79063825E-03
   2.90000010       3.01190792E-03
   3.00000000       3.24770389E-03
   3.10000014       3.49924900E-03
   3.20000005       3.76669574E-03
   3.29999995       4.04775282E-03
   3.40000010       4.35089972E-03
   3.50000000       4.67293710E-03
   3.60000014       5.01716789E-03
   3.70000005       5.38244331E-03
   3.79999995       5.77103999E-03
   3.90000010       6.18560892E-03
   4.00000000       6.62728166E-03
   4.10000038       7.09684053E-03
   4.19999981       7.59128528E-03
   4.30000019       8.12404044E-03
   4.40000010       8.69152881E-03
   4.50000000       9.29480884E-03
   4.60000038       9.93937068E-03
   4.69999981       1.06251510E-02
   4.80000019       1.13564171E-02
   4.90000010       1.21358093E-02
   5.00000000       1.29663451E-02
   5.09999990       1.38388108E-02
   5.20000029       1.47830397E-02
   5.30000019       1.57881193E-02
   5.40000010       1.68597642E-02
   5.50000000       1.80022027E-02
   5.59999990       1.92221012E-02
   5.70000029       2.05201972E-02
   5.80000019       2.19101086E-02
   5.90000010       2.33937465E-02
   6.00000000       2.49519851E-02
   6.09999990       2.66363416E-02
   6.20000029       2.84347031E-02
   6.30000019       3.03580314E-02
   6.40000010       3.24121267E-02
   6.50000000       3.46023925E-02
   6.59999990       3.69429216E-02
   6.70000029       3.94452512E-02
   6.80000019       4.21150513E-02
   6.90000010       4.49331924E-02
   7.00000000       4.79845889E-02
   7.09999990       5.12451939E-02
   7.20000029       5.47260679E-02
   7.30000019       5.84480427E-02
   7.40000010       6.24322072E-02
   7.50000000       6.66831359E-02
   7.59999990       7.12344721E-02
   7.70000029       7.60302544E-02
   7.80000019       8.12256634E-02
   7.90000010       8.67682919E-02
   8.00000000       9.27050263E-02
   8.10000038       9.90384445E-02
   8.20000076      0.105803311    
   8.30000019      0.113024853    
   8.39999962      0.120743841    
   8.50000000      0.128968492    
   8.60000038      0.137611091    
   8.70000076      0.146977216    
   8.80000019      0.156916708    
   8.89999962      0.167535022    
   9.00000000      0.178821787    
   9.10000038      0.190825522    
   9.19999981      0.203543156    
   9.30000019      0.216963276    
   9.40000057      0.231253296    
   9.50000000      0.246401235    
   9.60000038      0.262382329    
   9.69999981      0.279121339    
   9.80000019      0.296817273    
   9.90000057      0.315507561    
   10.0000000      0.335034400    
   10.1000004      0.355313629    
   10.1999998      0.376601905    
   10.3000002      0.398702204    
   10.4000006      0.421660811    
   10.5000000      0.445379734    
   10.6000004      0.469618946    
   10.6999998      0.494620353    
   10.8000002      0.520178437    
   10.9000006      0.546143055    
   11.0000000      0.572261214    
   11.1000004      0.598779142    
   11.1999998      0.625369310    
   11.3000002      0.651817143    
   11.4000006      0.678097725    
   11.5000000      0.703828514    
   11.6000004      0.729168475    
   11.6999998      0.753974974    
   11.8000002      0.777774394    
   11.9000006      0.800612330    
   12.0000000      0.822530270    
   12.1000004      0.843352318    
   12.1999998      0.862917840    
   12.3000002      0.881021202    
   12.4000006      0.897901714    
   12.5000000      0.913471997    
   12.6000004      0.927580535    
   12.6999998      0.940310538    
   12.8000002      0.951566339    
   12.9000006      0.961551487    
   13.0000000      0.970192790    
   13.1000004      0.977613688    
   13.1999998      0.983787537    
   13.3000002      0.988857329    
   13.4000006      0.992888153    
   13.5000000      0.995953560    
   13.6000004      0.998095572    
   13.6999998      0.999428332    
   13.8000002       1.00001013    
   13.9000006      0.999925733    
   14.0000000      0.999253094    
   14.1000004      0.998068511    
   14.1999998      0.996429384    
   14.3000002      0.994352221    
   14.4000006      0.991962731    
   14.5000000      0.989323437    
   14.6000004      0.986390948    
   14.6999998      0.983288944    
   14.8000002      0.980032742    
   14.9000006      0.976676524    
   15.0000000      0.973262608    
   15.1000004      0.969774783    
   15.1999998      0.966348767    
   15.3000002      0.962751210    
   15.4000006      0.959268570    
   15.5000000      0.955855608    
   15.6000004      0.952465355    
   15.6999998      0.949145079    
   15.8000002      0.945946693    
   15.9000006      0.942835808    
   16.0000000      0.939778149    
   16.1000004      0.936888874    
   16.2000008      0.934108794    
   16.2999992      0.931457222    
   16.4000015      0.928903937    
   16.5000000      0.926478803    
   16.6000004      0.924162865    
   16.7000008      0.922047138    
   16.7999992      0.920034945    
   16.9000015      0.918143392    
   17.0000000      0.916437030    
   17.1000004      0.914794803    
   17.2000008      0.913314164    
   17.3000011      0.911965430    
   17.3999996      0.910771966    
   17.5000000      0.909672797    
   17.6000004      0.908720195    
   17.7000008      0.907863736    
   17.8000011      0.907153487    
   17.8999996      0.906536937    
   18.0000000      0.906068027    
   18.1000004      0.905712545    
   18.2000008      0.905438304    
   18.3000011      0.905298769    
   18.3999996      0.905260384    
   18.5000000      0.905279636    
   18.6000004      0.905490518    
   18.7000008      0.905685067    
   18.8000011      0.906025171    
   18.8999996      0.906427860    
   19.0000000      0.906943023    
   19.1000004      0.907523990    
   19.2000008      0.908186495    
   19.3000011      0.908928037    
   19.3999996      0.909694552    
   19.5000000      0.910566270    
   19.6000004      0.911494136    
   19.7000008      0.912480235    
   19.8000011      0.913521767    
   19.8999996      0.914607108    
   20.0000000      0.915757179    
   20.1000004      0.916965127    
   20.2000008      0.918203890    
   20.3000011      0.919484138    
   20.3999996      0.920804262    
   20.5000000      0.922132492    
   20.6000004      0.923494935    
   20.7000008      0.924959123    
   20.8000011      0.926387131    
   20.8999996      0.927872539    
   21.0000000      0.929373622    
   21.1000004      0.930885732    
   21.2000008      0.932435453    
   21.3000011      0.933983028    
   21.3999996      0.935545504    
   21.5000000      0.937108457    
   21.6000004      0.938693881    
   21.7000008      0.940306544    
   21.8000011      0.941880882    
   21.8999996      0.943495989    
   22.0000000      0.945079863    
   22.1000004      0.946688235    
   22.2000008      0.948282659    
   22.3000011      0.949802577    
   22.3999996      0.951455593    
   22.5000000      0.953024149    
   22.6000004      0.954610705    
   22.7000008      0.956147373    
   22.8000011      0.957725883    
   22.8999996      0.959209561    
   23.0000000      0.960716784    
   23.1000004      0.962223232    
   23.2000008      0.963691175    
   23.3000011      0.965125144    
   23.3999996      0.966554403    
   23.5000000      0.967958391    
   23.6000004      0.969331443    
   23.7000008      0.970698357    
   23.8000011      0.972006083    
   23.8999996      0.973320425    
   24.0000000      0.974580050    
   24.1000004      0.975824475    
   24.2000008      0.977032781    
   24.3000011      0.978209257    
   24.3999996      0.979302824    
   24.5000000      0.980487406    
   24.6000004      0.981574714    
   24.7000008      0.982631683    
   24.8000011      0.983649969    
   24.8999996      0.984661281    
   25.0000000      0.985610306    
   25.1000004      0.986524701    
   25.2000008      0.987418294    
   25.3000011      0.988291442    
   25.3999996      0.989128172    
   25.5000000      0.989904821    
   25.6000004      0.990668714    
   25.7000008      0.991407156    
   25.8000011      0.992103577    
   25.8999996      0.992777348    
   26.0000000      0.993404567    
