   0.0000000000000000        4.0000000000000000       -10.000000000000000     
   1.0000000000000000        2.0000000000000000       -14.000000000000000     
   2.0000000000000000        9.0000000000000000        35.000000000000000     
   3.0000000000000000        4.0000000000000000       -10.000000000000000     
   4.0000000000000000        5.1111111111111107       -4.3209876543209909     
   5.0000000000000000        5.9565217391304355        1.6540642722117269     
   6.0000000000000000        5.7224880382775121      -0.14308280488083724     
   7.0000000000000000        5.7411210142768123       -4.0135565364352033E-003
   8.0000000000000000        5.7416587643797685        1.0309059934598963E-005
   9.0000000000000000        5.7416573866751932       -7.3896444519050419E-010
