   0.0000000000000000        4.0000000000000000        1.0000000000000000     
   1.0000000000000000        2.0000000000000000        1.0000000000000000     
   2.0000000000000000        9.0000000000000000       0.77777777777777779     
   3.0000000000000000        4.0000000000000000        1.2500000000000000     
   4.0000000000000000        5.1111111111111107       0.21739130434782603     
   5.0000000000000000        5.9565217391304355       0.14193025141930268     
   6.0000000000000000        5.7224880382775121        4.0897193543696482E-002
   7.0000000000000000        5.7411210142768123        3.2455292185906617E-003
   8.0000000000000000        5.7416587643797685        9.3657621433776035E-005
   9.0000000000000000        5.7416573866751932        2.3994893504249911E-007
   10.000000000000000        5.7416573867739418        1.7198616745776145E-011
   11.000000000000000        5.7416573867739409        1.5469025054439292E-016
