   0.00000000       1.00000000    
   9.99999978E-03   1.00000000    
   1.99999996E-02  0.999999762    
   2.99999993E-02  0.999998927    
   3.99999991E-02  0.999997735    
   4.99999970E-02  0.999996066    
   5.99999987E-02  0.999994040    
   7.00000003E-02  0.999991655    
   7.99999982E-02  0.999988914    
   8.99999961E-02  0.999985695    
   9.99999940E-02  0.999982238    
  0.109999999      0.999978662    
  0.119999997      0.999974728    
  0.129999995      0.999970555    
  0.140000001      0.999966145    
  0.149999991      0.999961376    
  0.159999996      0.999956608    
  0.170000002      0.999951839    
  0.179999992      0.999946952    
  0.189999998      0.999941945    
  0.199999988      0.999937057    
  0.209999993      0.999932051    
  0.219999999      0.999927163    
  0.229999989      0.999922395    
  0.239999995      0.999917865    
  0.250000000      0.999913454    
  0.259999990      0.999909282    
  0.269999981      0.999905348    
  0.280000001      0.999901652    
  0.289999992      0.999898314    
  0.299999982      0.999895334    
  0.310000002      0.999892712    
  0.319999993      0.999890447    
  0.329999983      0.999888420    
  0.340000004      0.999886870    
  0.349999994      0.999885678    
  0.359999985      0.999884725    
  0.370000005      0.999884248    
  0.379999995      0.999884248    
  0.389999986      0.999884605    
  0.399999976      0.999885440    
  0.409999996      0.999886632    
  0.419999987      0.999888062    
  0.429999977      0.999889851    
  0.439999998      0.999891996    
  0.449999988      0.999894500    
  0.459999979      0.999897480    
  0.469999999      0.999900699    
  0.479999989      0.999904275    
  0.489999980      0.999907970    
  0.500000000      0.999912024    
  0.509999990      0.999916315    
  0.519999981      0.999920726    
  0.529999971      0.999925137    
  0.539999962      0.999929786    
  0.550000012      0.999934554    
  0.560000002      0.999939203    
  0.569999993      0.999943972    
  0.579999983      0.999948740    
  0.589999974      0.999953270    
  0.599999964      0.999957919    
  0.610000014      0.999962330    
  0.620000005      0.999966621    
  0.629999995      0.999970794    
  0.639999986      0.999974608    
  0.649999976      0.999978065    
  0.659999967      0.999981403    
  0.669999957      0.999984264    
  0.680000007      0.999986887    
  0.689999998      0.999989152    
  0.699999988      0.999991059    
  0.709999979      0.999992609    
  0.719999969      0.999993801    
  0.729999959      0.999994636    
  0.740000010      0.999995232    
  0.750000000      0.999995351    
  0.759999990      0.999994993    
  0.769999981      0.999994159    
  0.779999971      0.999993086    
  0.789999962      0.999991536    
  0.799999952      0.999989748    
  0.810000002      0.999987602    
  0.819999993      0.999985099    
  0.829999983      0.999982238    
  0.839999974      0.999979138    
  0.849999964      0.999975562    
  0.859999955      0.999971628    
  0.870000005      0.999967575    
  0.879999995      0.999963403    
  0.889999986      0.999959111    
  0.899999976      0.999954462    
  0.909999967      0.999949813    
  0.919999957      0.999945045    
  0.930000007      0.999940276    
  0.939999998      0.999935389    
  0.949999988      0.999930620    
  0.959999979      0.999926090    
  0.969999969      0.999921560    
  0.979999959      0.999917269    
  0.989999950      0.999913096    
   1.00000000      0.999909163    
   1.00999999      0.999905467    
   1.01999998      0.999902010    
   1.02999997      0.999898791    
   1.03999996      0.999895811    
   1.04999995      0.999893188    
   1.05999994      0.999890685    
   1.06999993      0.999888659    
   1.07999992      0.999886870    
   1.09000003      0.999885440    
   1.10000002      0.999884486    
   1.11000001      0.999883771    
   1.12000000      0.999883533    
   1.13000000      0.999883652    
   1.13999999      0.999884367    
   1.14999998      0.999885440    
   1.15999997      0.999886990    
   1.16999996      0.999889016    
   1.17999995      0.999891520    
   1.18999994      0.999894261    
   1.19999993      0.999897361    
   1.20999992      0.999900818    
   1.22000003      0.999904513    
   1.23000002      0.999908447    
   1.24000001      0.999912739    
   1.25000000      0.999917030    
   1.25999999      0.999921679    
   1.26999998      0.999926329    
   1.27999997      0.999931216    
   1.28999996      0.999935985    
   1.29999995      0.999940753    
   1.30999994      0.999945641    
   1.31999993      0.999950290    
   1.32999992      0.999954939    
   1.33999991      0.999959230    
   1.35000002      0.999963522    
   1.36000001      0.999967456    
   1.37000000      0.999971390    
   1.38000000      0.999974966    
   1.38999999      0.999978304    
   1.39999998      0.999981523    
   1.40999997      0.999984384    
   1.41999996      0.999987006    
   1.42999995      0.999989152    
   1.43999994      0.999990940    
   1.44999993      0.999992490    
   1.45999992      0.999993563    
   1.46999991      0.999994040    
   1.48000002      0.999994159    
   1.49000001      0.999993920    
   1.50000000      0.999993086    
   1.50999999      0.999992013    
   1.51999998      0.999990463    
   1.52999997      0.999988556    
   1.53999996      0.999986410    
   1.54999995      0.999983907    
   1.55999994      0.999981165    
   1.56999993      0.999978065    
   1.57999992      0.999974728    
   1.58999991      0.999971151    
   1.59999990      0.999967337    
   1.61000001      0.999963403    
   1.62000000      0.999959111    
   1.63000000      0.999954700    
   1.63999999      0.999950171    
   1.64999998      0.999945641    
   1.65999997      0.999940753    
   1.66999996      0.999935865    
   1.67999995      0.999931097    
   1.68999994      0.999926209    
   1.69999993      0.999921322    
   1.70999992      0.999916673    
   1.71999991      0.999911904    
   1.73000002      0.999907374    
   1.74000001      0.999902964    
   1.75000000      0.999898672    
   1.75999999      0.999894738    
   1.76999998      0.999891162    
   1.77999997      0.999887943    
   1.78999996      0.999885201    
   1.79999995      0.999882698    
   1.80999994      0.999880433    
   1.81999993      0.999878645    
   1.82999992      0.999877214    
   1.83999991      0.999876142    
   1.84999990      0.999875546    
   1.86000001      0.999875307    
   1.87000000      0.999875546    
   1.88000000      0.999876022    
   1.88999999      0.999876976    
   1.89999998      0.999878168    
   1.90999997      0.999879837    
   1.91999996      0.999881864    
   1.92999995      0.999884367    
   1.93999994      0.999887109    
   1.94999993      0.999890208    
   1.95999992      0.999893427    
   1.96999991      0.999897003    
   1.97999990      0.999900818    
   1.99000001      0.999904633    
   2.00000000      0.999908805    
   2.00999999      0.999913096    
   2.01999998      0.999917626    
   2.02999997      0.999922276    
   2.03999996      0.999927044    
   2.04999995      0.999931931    
   2.05999994      0.999936938    
   2.06999993      0.999941945    
   2.07999992      0.999946833    
   2.08999991      0.999951601    
   2.09999990      0.999956131    
   2.10999990      0.999960542    
   2.11999989      0.999964714    
   2.12999988      0.999968767    
   2.13999987      0.999972582    
   2.14999986      0.999976039    
   2.15999985      0.999979377    
   2.16999984      0.999982357    
   2.18000007      0.999984860    
   2.19000006      0.999986887    
   2.20000005      0.999988556    
   2.21000004      0.999989986    
   2.22000003      0.999990821    
   2.23000002      0.999991179    
   2.24000001      0.999991059    
   2.25000000      0.999990702    
   2.25999999      0.999989986    
   2.26999998      0.999988914    
   2.27999997      0.999987364    
   2.28999996      0.999985576    
   2.29999995      0.999983430    
   2.30999994      0.999981046    
   2.31999993      0.999978423    
   2.32999992      0.999975324    
   2.33999991      0.999971867    
   2.34999990      0.999968052    
   2.35999990      0.999963999    
   2.36999989      0.999959826    
   2.37999988      0.999955297    
   2.38999987      0.999950528    
   2.39999986      0.999945760    
   2.40999985      0.999940872    
   2.41999984      0.999936104    
   2.42999983      0.999931216    
   2.44000006      0.999926448    
   2.45000005      0.999921679    
   2.46000004      0.999916911    
   2.47000003      0.999912381    
   2.48000002      0.999907970    
   2.49000001      0.999903798    
   2.50000000      0.999899864    
   2.50999999      0.999896049    
   2.51999998      0.999892473    
   2.52999997      0.999889374    
   2.53999996      0.999886394    
   2.54999995      0.999883652    
   2.55999994      0.999881387    
   2.56999993      0.999879599    
   2.57999992      0.999878287    
   2.58999991      0.999877334    
   2.59999990      0.999876857    
   2.60999990      0.999876738    
   2.61999989      0.999876976    
   2.62999988      0.999877810    
   2.63999987      0.999879003    
   2.64999986      0.999880791    
   2.65999985      0.999883294    
   2.66999984      0.999886513    
   2.67999983      0.999890208    
   2.69000006      0.999894619    
   2.70000005      0.999899507    
   2.71000004      0.999904990    
   2.72000003      0.999911189    
   2.73000002      0.999917984    
   2.74000001      0.999925375    
   2.75000000      0.999933243    
   2.75999999      0.999941826    
   2.76999998      0.999951005    
   2.77999997      0.999960899    
   2.78999996      0.999971509    
   2.79999995      0.999982834    
   2.80999994      0.999994636    
   2.81999993       1.00000739    
   2.82999992       1.00002050    
   2.83999991       1.00003457    
   2.84999990       1.00004959    
   2.85999990       1.00006533    
   2.86999989       1.00008202    
   2.87999988       1.00009966    
   2.88999987       1.00011849    
   2.89999986       1.00013852    
   2.90999985       1.00015998    
   2.91999984       1.00018263    
   2.92999983       1.00020719    
   2.93999982       1.00023341    
   2.95000005       1.00026155    
   2.96000004       1.00029206    
   2.97000003       1.00032473    
   2.98000002       1.00035977    
   2.99000001       1.00039744    
   3.00000000       1.00043797    
   3.00999999       1.00048161    
   3.01999998       1.00052893    
   3.02999997       1.00057971    
   3.03999996       1.00063503    
   3.04999995       1.00069463    
   3.05999994       1.00075924    
   3.06999993       1.00082910    
   3.07999992       1.00090456    
   3.08999991       1.00098610    
   3.09999990       1.00107431    
   3.10999990       1.00116956    
   3.11999989       1.00127256    
   3.12999988       1.00138402    
   3.13999987       1.00150454    
   3.14999986       1.00163484    
   3.15999985       1.00177562    
   3.16999984       1.00192738    
   3.17999983       1.00209105    
   3.18999982       1.00226748    
   3.19999981       1.00245798    
   3.21000004       1.00266302    
   3.22000003       1.00288379    
   3.23000002       1.00312114    
   3.24000001       1.00337648    
   3.25000000       1.00365090    
   3.25999999       1.00394523    
   3.26999998       1.00426102    
   3.27999997       1.00459957    
   3.28999996       1.00496244    
   3.29999995       1.00535059    
   3.30999994       1.00576615    
   3.31999993       1.00621068    
   3.32999992       1.00668585    
   3.33999991       1.00719309    
   3.34999990       1.00773442    
   3.35999990       1.00831199    
   3.36999989       1.00892758    
   3.37999988       1.00958347    
   3.38999987       1.01028192    
   3.39999986       1.01102495    
   3.40999985       1.01181495    
   3.41999984       1.01265407    
   3.42999983       1.01354504    
   3.43999982       1.01449049    
   3.44999981       1.01549339    
   3.46000004       1.01655626    
   3.47000003       1.01768231    
   3.48000002       1.01887417    
   3.49000001       1.02013540    
   3.50000000       1.02146888    
   3.50999999       1.02287829    
   3.51999998       1.02436686    
   3.52999997       1.02593863    
   3.53999996       1.02759719    
   3.54999995       1.02934623    
   3.55999994       1.03118980    
   3.56999993       1.03313196    
   3.57999992       1.03517699    
   3.58999991       1.03732955    
   3.59999990       1.03959370    
   3.60999990       1.04197443    
   3.61999989       1.04447687    
   3.62999988       1.04710519    
   3.63999987       1.04986537    
   3.64999986       1.05276215    
   3.65999985       1.05580139    
   3.66999984       1.05898809    
   3.67999983       1.06232870    
   3.68999982       1.06582916    
   3.69999981       1.06949532    
   3.70999980       1.07333362    
   3.72000003       1.07735097    
   3.73000002       1.08155406    
   3.74000001       1.08594966    
   3.75000000       1.09054554    
   3.75999999       1.09534860    
   3.76999998       1.10036659    
   3.77999997       1.10560727    
   3.78999996       1.11107934    
   3.79999995       1.11679101    
   3.80999994       1.12275064    
   3.81999993       1.12896729    
   3.82999992       1.13545036    
   3.83999991       1.14220929    
   3.84999990       1.14925408    
   3.85999990       1.15659487    
   3.86999989       1.16424227    
   3.87999988       1.17220736    
   3.88999987       1.18050122    
   3.89999986       1.18913591    
   3.90999985       1.19812322    
   3.91999984       1.20747638    
   3.92999983       1.21720791    
   3.93999982       1.22733152    
   3.94999981       1.23786092    
   3.95999980       1.24881124    
   3.97000003       1.26019692    
   3.98000002       1.27203393    
   3.99000001       1.28433883    
   4.00000000       1.29712784    
   4.00999975       1.31041849    
   4.01999998       1.32422948    
   4.02999973       1.33857882    
   4.03999996       1.35348606    
   4.04999971       1.36897182    
   4.05999994       1.38505661    
   4.06999969       1.40176201    
   4.07999992       1.41911113    
   4.08999968       1.43712711    
   4.09999990       1.45583427    
   4.11000013       1.47525716    
   4.11999989       1.49542212    
   4.13000011       1.51635504    
   4.13999987       1.53808486    
   4.15000010       1.56063914    
   4.15999985       1.58404779    
   4.17000008       1.60834098    
   4.17999983       1.63355088    
   4.19000006       1.65970957    
   4.19999981       1.68684983    
   4.21000004       1.71500623    
   4.21999979       1.74421465    
   4.23000002       1.77451050    
   4.23999977       1.80593061    
   4.25000000       1.83851373    
   4.25999975       1.87229824    
   4.26999998       1.90732372    
   4.27999973       1.94363105    
   4.28999996       1.98126066    
   4.29999971       2.02025437    
   4.30999994       2.06065440    
   4.31999969       2.10250258    
   4.32999992       2.14584160    
   4.33999968       2.19071436    
   4.34999990       2.23716426    
   4.36000013       2.28523350    
   4.36999989       2.33496428    
   4.38000011       2.38639903    
   4.38999987       2.43957758    
   4.40000010       2.49453926    
   4.40999985       2.55132294    
   4.42000008       2.60996461    
   4.42999983       2.67049932    
   4.44000006       2.73295951    
   4.44999981       2.79737520    
   4.46000004       2.86377192    
   4.46999979       2.93217206    
   4.48000002       3.00259471    
   4.48999977       3.07505274    
   4.50000000       3.14955592    
   4.50999975       3.22610664    
   4.51999998       3.30470252    
   4.52999973       3.38533306    
   4.53999996       3.46798038    
   4.54999971       3.55261779    
   4.55999994       3.63921118    
   4.56999969       3.72771692    
   4.57999992       3.81807923    
   4.58999968       3.91023207    
   4.59999990       4.00409794    
   4.61000013       4.09958744    
   4.61999989       4.19659567    
   4.63000011       4.29500818    
   4.63999987       4.39469099    
   4.65000010       4.49549866    
   4.65999985       4.59726572    
   4.67000008       4.69981575    
   4.67999983       4.80295086    
   4.69000006       4.90645933    
   4.69999981       5.01010799    
   4.71000004       5.11364841    
   4.71999979       5.21681452    
   4.73000002       5.31932306    
   4.73999977       5.42087221    
   4.75000000       5.52113724    
   4.75999975       5.61978292    
   4.76999998       5.71645498    
   4.77999973       5.81078196    
   4.78999996       5.90237808    
   4.79999971       5.99084330    
   4.80999994       6.07576609    
   4.81999969       6.15672350    
   4.82999992       6.23328352    
   4.83999968       6.30500460    
   4.84999990       6.37144327    
   4.85999966       6.43214846    
   4.86999989       6.48667049    
   4.88000011       6.53456688    
   4.88999987       6.57539272    
   4.90000010       6.60871410    
   4.90999985       6.63411045    
   4.92000008       6.65117455    
   4.92999983       6.65951872    
   4.94000006       6.65877676    
   4.94999981       6.64860725    
   4.96000004       6.62870026    
   4.96999979       6.59877968    
   4.98000002       6.55860329    
   4.98999977       6.50797367    
   5.00000000       6.44673681    
   5.00999975       6.37478638    
   5.01999998       6.29206419    
   5.02999973       6.19857073    
   5.03999996       6.09436035    
   5.04999971       5.97954988    
   5.05999994       5.85431290    
   5.06999969       5.71889019    
   5.07999992       5.57358503    
   5.08999968       5.41876745    
   5.09999990       5.25487328    
   5.10999966       5.08240223    
   5.11999989       4.90192366    
   5.13000011       4.71406507    
   5.13999987       4.51951981    
   5.15000010       4.31903934    
   5.15999985       4.11343431    
   5.17000008       3.90356541    
   5.17999983       3.69034719    
   5.19000006       3.47473574    
   5.19999981       3.25772882    
   5.21000004       3.04035759    
   5.21999979       2.82368159    
   5.23000002       2.60878253    
   5.23999977       2.39675641    
   5.25000000       2.18870711    
   5.25999975       1.98573804    
   5.26999998       1.78894567    
   5.27999973       1.59941077    
   5.28999996       1.41819072    
   5.29999971       1.24631119    
   5.30999994       1.08475924    
   5.31999969      0.934473872    
   5.32999992      0.796339929    
   5.33999968      0.671179652    
   5.34999990      0.559746265    
   5.35999966      0.462717175    
   5.36999989      0.380687505    
   5.38000011      0.314164549    
   5.38999987      0.263562560    
   5.40000010      0.229198590    
   5.40999985      0.211288303    
   5.42000008      0.209943205    
   5.42999983      0.225168213    
   5.44000006      0.256860077    
   5.44999981      0.304806918    
   5.46000004      0.368687898    
   5.46999979      0.448074698    
   5.48000002      0.542432964    
   5.48999977      0.651125252    
   5.50000000      0.773414075    
   5.50999975      0.908466458    
   5.51999998       1.05535924    
   5.52999973       1.21308386    
   5.53999996       1.38055432    
   5.54999971       1.55661273    
   5.55999994       1.74003899    
   5.56999969       1.92955661    
   5.57999992       2.12384415    
   5.58999968       2.32154107    
   5.59999990       2.52126145    
   5.60999966       2.72159958    
   5.61999989       2.92114234    
   5.62999964       3.11848044    
   5.63999987       3.31221533    
   5.65000010       3.50097227    
   5.65999985       3.68340611    
   5.67000008       3.85821652    
   5.67999983       4.02415466    
   5.69000006       4.18003035    
   5.69999981       4.32472658    
   5.71000004       4.45720196    
   5.71999979       4.57650089    
   5.73000002       4.68176126    
   5.73999977       4.77221918    
   5.75000000       4.84721708    
   5.75999975       4.90620661    
   5.76999998       4.94875193    
   5.77999973       4.97453880    
   5.78999996       4.98336792    
   5.79999971       4.97516203    
   5.80999994       4.94996977    
   5.81999969       4.90795803    
   5.82999992       4.84941673    
   5.83999968       4.77475309    
   5.84999990       4.68449068    
   5.85999966       4.57926798    
   5.86999989       4.45982981    
   5.87999964       4.32702446    
   5.88999987       4.18179607    
   5.90000010       4.02517939    
   5.90999985       3.85829115    
   5.92000008       3.68232274    
   5.92999983       3.49853015    
   5.94000006       3.30822968    
   5.94999981       3.11278176    
   5.96000004       2.91358614    
   5.96999979       2.71207094    
   5.98000002       2.50967956    
   5.98999977       2.30786467    
   6.00000000       2.10807323    
   6.00999975       1.91173851    
   6.01999998       1.72027004    
   6.02999973       1.53504264    
   6.03999996       1.35738635    
   6.04999971       1.18857729    
   6.05999994       1.02982795    
   6.06999969      0.882279456    
   6.07999992      0.746992052    
   6.08999968      0.624937832    
   6.09999990      0.516994119    
   6.10999966      0.423937321    
   6.11999989      0.346436262    
   6.12999964      0.285048097    
   6.13999987      0.240214452    
   6.15000010      0.212257594    
   6.15999985      0.201378554    
   6.17000008      0.207655653    
   6.17999983      0.231043652    
   6.19000006      0.271374196    
   6.19999981      0.328357309    
   6.21000004      0.401582807    
   6.21999979      0.490523845    
   6.23000002      0.594540596    
   6.23999977      0.712884605    
   6.25000000      0.844704270    
   6.25999975      0.989051104    
   6.26999998       1.14488661    
   6.27999973       1.31108916    
   6.28999996       1.48646295    
   6.29999971       1.66974568    
   6.30999994       1.85961866    
   6.31999969       2.05471539    
   6.32999992       2.25363183    
   6.33999968       2.45493698    
   6.34999990       2.65718174    
   6.35999966       2.85891080    
   6.36999989       3.05867314    
   6.37999964       3.25503063    
   6.38999987       3.44656968    
   6.39999962       3.63191223    
   6.40999985       3.80972433    
   6.42000008       3.97872567    
   6.42999983       4.13770056    
   6.44000006       4.28550482    
   6.44999981       4.42107439    
   6.46000004       4.54343462    
   6.46999979       4.65170431    
   6.48000002       4.74510288    
   6.48999977       4.82295990    
   6.50000000       4.88471556    
   6.50999975       4.92992353    
   6.51999998       4.95826006    
   6.52999973       4.96952009    
   6.53999996       4.96362352    
   6.54999971       4.94061184    
   6.55999994       4.90065289    
   6.56999969       4.84403133    
   6.57999992       4.77115679    
   6.58999968       4.68255234    
   6.59999990       4.57885647    
   6.60999966       4.46081495    
   6.61999989       4.32927752    
   6.62999964       4.18519115    
   6.63999987       4.02959156    
   6.64999962       3.86360073    
   6.65999985       3.68841147    
   6.67000008       3.50528431    
   6.67999983       3.31553769    
   6.69000006       3.12053728    
   6.69999981       2.92168665    
   6.71000004       2.72041655    
   6.71999979       2.51817513    
   6.73000002       2.31641793    
   6.73999977       2.11659718    
   6.75000000       1.92015088    
   6.75999975       1.72849226    
   6.76999998       1.54300082    
   6.77999973       1.36501110    
   6.78999996       1.19580436    
   6.79999971       1.03659832    
   6.80999994      0.888538957    
   6.81999969      0.752691507    
   6.82999992      0.630033731    
   6.83999968      0.521448433    
   6.84999990      0.427716762    
   6.85999966      0.349513352    
   6.86999989      0.287401080    
   6.87999964      0.241826743    
   6.88999987      0.213118374    
   6.89999962      0.201482624    
   6.90999985      0.207003146    
   6.92000008      0.229640305    
   6.92999983      0.269231141    
   6.94000006      0.325490743    
   6.94999981      0.398014247    
   6.96000004      0.486279607    
   6.96999979      0.589651704    
   6.98000002      0.707386732    
   6.98999977      0.838637173    
   7.00000000      0.982458830    
   7.00999975       1.13781631    
   7.01999998       1.30359197    
   7.02999973       1.47859240    
   7.03999996       1.66155863    
   7.04999971       1.85117328    
   7.05999994       2.04607248    
   7.06999969       2.24485373    
   7.07999992       2.44608641    
   7.08999968       2.64832234    
   7.09999990       2.85010529    
   7.10999966       3.04998326    
   7.11999989       3.24651861    
   7.12999964       3.43829560    
   7.13999987       3.62393570    
   7.14999962       3.80210233    
   7.15999985       3.97151351    
   7.17000008       4.13094997    
   7.17999983       4.27926350    
   7.19000006       4.41538763    
   7.19999981       4.53834295    
   7.21000004       4.64724398    
   7.21999979       4.74130678    
   7.23000002       4.81985569    
   7.23999977       4.88232374    
   7.25000000       4.92826271    
   7.25999975       4.95734167    
   7.26999998       4.96935034    
   7.27999973       4.96420479    
   7.28999996       4.94193888    
   7.29999971       4.90271568    
   7.30999994       4.84681606    
   7.31999969       4.77464247    
   7.32999992       4.68671370    
   7.33999968       4.58366346    
   7.34999990       4.46623182    
   7.35999966       4.33526611    
   7.36999989       4.19170713    
   7.37999964       4.03659010    
   7.38999987       3.87102842    
   7.39999962       3.69621634    
   7.40999985       3.51341033    
   7.41999960       3.32392597    
   7.42999983       3.12912679    
   7.44000006       2.93041468    
   7.44999981       2.72922039    
   7.46000004       2.52699113    
   7.46999979       2.32518244    
   7.48000002       2.12524724    
   7.48999977       1.92862415    
   7.50000000       1.73672795    
   7.50999975       1.55094004    
   7.51999998       1.37259686    
   7.52999973       1.20298171    
   7.53999996       1.04331589    
   7.54999971      0.894747734    
   7.55999994      0.758346736    
   7.56999969      0.635094583    
   7.57999992      0.525878310    
   7.58999968      0.431483775    
   7.59999990      0.352590233    
   7.60999966      0.289765716    
   7.61999989      0.243462190    
   7.62999964      0.214012906    
   7.63999987      0.201629803    
   7.64999962      0.206401959    
   7.65999985      0.228295103    
   7.66999960      0.267151594    
   7.67999983      0.322691798    
   7.69000006      0.394516021    
   7.69999981      0.482107431    
   7.71000004      0.584835529    
   7.71999979      0.701961339    
   7.73000002      0.832641602    
   7.73999977      0.975936174    
   7.75000000       1.13081384    
   7.75999975       1.29615963    
   7.76999998       1.47078383    
   7.77999973       1.65342999    
   7.78999996       1.84278345    
   7.79999971       2.03748155    
   7.80999994       2.23612380    
   7.81999969       2.43727970    
   7.82999992       2.63950205    
   7.83999968       2.84133506    
   7.84999990       3.04132748    
   7.85999966       3.23803926    
   7.86999989       3.43005490    
   7.87999964       3.61599231    
   7.88999987       3.79451346    
   7.89999962       3.96433377    
   7.90999985       4.12423038    
   7.91999960       4.27305460    
   7.92999983       4.40973330    
   7.94000006       4.53328323    
   7.94999981       4.64281654    
   7.96000004       4.73754406    
   7.96999979       4.81678343    
   7.98000002       4.87996483    
   7.98999977       4.92663336    
   8.00000000       4.95645523    
   8.01000023       4.96921301    
   8.01999950       4.96481657    
   8.02999973       4.94329596    
   8.03999996       4.90480852    
   8.05000019       4.84962893    
   8.05999947       4.77815533    
   8.06999969       4.69090271    
   8.07999992       4.58849907    
   8.09000015       4.47168016    
   8.09999943       4.34128666    
   8.10999966       4.19825840    
   8.11999989       4.04362297    
   8.13000011       3.87849522    
   8.13999939       3.70406127    
   8.14999962       3.52157712    
   8.15999985       3.33235621    
   8.17000008       3.13776064    
   8.17999935       2.93918991    
   8.18999958       2.73807406    
   8.19999981       2.53586030    
   8.21000004       2.33400297    
   8.22000027       2.13395596    
   8.22999954       1.93715811    
   8.23999977       1.74502587    
   8.25000000       1.55894160    
   8.26000023       1.38024473    
   8.26999950       1.21022117    
   8.27999973       1.05009425    
   8.28999996      0.901016593    
   8.30000019      0.764060974    
   8.30999947      0.640213013    
   8.31999969      0.530364096    
   8.32999992      0.435304731    
   8.34000015      0.355719000    
   8.34999943      0.292179674    
   8.35999966      0.245143920    
   8.36999989      0.214950308    
   8.38000011      0.201816127    
   8.38999939      0.205835849    
   8.39999962      0.226980597    
   8.40999985      0.265098155    
   8.42000008      0.319914311    
   8.42999935      0.391034514    
   8.43999958      0.477946907    
   8.44999981      0.580026031    
   8.46000004      0.696537435    
   8.47000027      0.826642513    
   8.47999954      0.969404995    
   8.48999977       1.12379754    
   8.50000000       1.28870893    
   8.51000023       1.46295273    
   8.51999950       1.64527452    
   8.52999973       1.83436239    
   8.53999996       2.02885556    
   8.55000019       2.22735405    
   8.55999947       2.42843008    
   8.56999969       2.63063598    
   8.57999992       2.83251667    
   8.59000015       3.03261876    
   8.59999943       3.22950315    
   8.60999966       3.42175245    
   8.61999989       3.60798383    
   8.63000011       3.78685617    
   8.63999939       3.95708251    
   8.64999962       4.11743832    
   8.65999985       4.26676893    
   8.67000008       4.40400028    
   8.67999935       4.52814341    
   8.68999958       4.63830709    
   8.69999981       4.73369598    
   8.71000004       4.81362534    
   8.72000027       4.87751818    
   8.72999954       4.92491817    
   8.73999977       4.95548058    
   8.75000000       4.96898890    
   8.76000023       4.96534252    
   8.76999950       4.94457054    
   8.77999973       4.90682030    
   8.78999996       4.85236597    
   8.80000019       4.78159666    
   8.80999947       4.69502211    
   8.81999969       4.59326696    
   8.82999992       4.47706223    
   8.84000015       4.34724426    
   8.84999943       4.20474625    
   8.85999966       4.05059576    
   8.86999989       3.88590193    
   8.88000011       3.71184897    
   8.88999939       3.52969027    
   8.89999962       3.34073663    
   8.90999985       3.14634800    
   8.92000008       2.94792247    
   8.92999935       2.74688864    
   8.93999958       2.54469299    
   8.94999981       2.34279060    
   8.96000004       2.14263487    
   8.97000027       1.94566607    
   8.97999954       1.75330114    
   8.98999977       1.56692493    
   9.00000000       1.38787854    
   9.01000023       1.21745050    
   9.01999950       1.05686736    
   9.02999973      0.907284617    
   9.03999996      0.769778728    
   9.05000019      0.645339370    
   9.05999947      0.534861922    
   9.06999969      0.439141423    
   9.07999992      0.358866811    
   9.09000015      0.294615686    
   9.09999943      0.246850580    
   9.10999966      0.215915218    
   9.11999989      0.202032238    
   9.13000011      0.205301523    
   9.13999939      0.225699544    
   9.14999962      0.263079435    
   9.15999985      0.317172348    
   9.17000008      0.387588769    
   9.17999935      0.473822057    
   9.18999958      0.575251698    
   9.19999981      0.691147506    
   9.21000004      0.820675790    
   9.22000027      0.962904155    
   9.22999954       1.11680913    
   9.23999977       1.28128302    
   9.25000000       1.45514250    
   9.26000023       1.63713610    
   9.26999950       1.82595408    
   9.27999973       2.02023745    
   9.28999996       2.21858883    
   9.30000019       2.41957951    
   9.30999947       2.62176418    
   9.31999969       2.82368731    
   9.32999992       3.02389622    
   9.34000015       3.22094941    
   9.34999943       3.41342926    
   9.35999966       3.59995031    
   9.36999989       3.77917027    
   9.38000011       3.94980025    
   9.38999939       4.11061096    
   9.39999962       4.26044607    
   9.40999985       4.39822769    
   9.42000008       4.52296209    
   9.42999935       4.63375378    
   9.43999958       4.72980452    
   9.44999981       4.81042385    
   9.46000004       4.87503099    
   9.46999931       4.92316151    
   9.47999954       4.95446920    
   9.48999977       4.96872711    
   9.50000000       4.96583366    
   9.51000023       4.94580889    
   9.51999950       4.90879869    
   9.52999973       4.85506773    
   9.53999996       4.78500509    
   9.55000019       4.69911146    
   9.55999947       4.59800816    
   9.56999969       4.48242140    
   9.57999992       4.35318327    
   9.59000015       4.21122360    
   9.59999943       4.05756330    
   9.60999966       3.89330864    
   9.61999989       3.71964216    
   9.63000011       3.53781271    
   9.63999939       3.34913015    
   9.64999962       3.15495181    
   9.65999985       2.95667505    
   9.67000008       2.75572658    
   9.67999935       2.55355310    
   9.68999958       2.35160851    
   9.69999981       2.15134692    
   9.71000004       1.95420897    
   9.71999931       1.76161349    
   9.72999954       1.57494664    
   9.73999977       1.39555144    
   9.75000000       1.22471905    
   9.76000023       1.06367946    
   9.76999950      0.913591206    
   9.77999973      0.775534511    
   9.78999996      0.650502920    
   9.80000019      0.539396286    
   9.80999947      0.443013906    
   9.81999969      0.362049729    
   9.82999992      0.297086149    
   9.84000015      0.248590916    
   9.84999943      0.216912881    
   9.85999966      0.202280074    
   9.86999989      0.204797804    
   9.88000011      0.224447921    
   9.88999939      0.261089057    
   9.89999962      0.314457417    
   9.90999985      0.384169072    
   9.92000008      0.469722271    
   9.92999935      0.570501328    
   9.93999958      0.685780823    
   9.94999981      0.814731419    
   9.96000004      0.956424892    
   9.96999931       1.10984147    
   9.97999954       1.27387762    
   9.98999977       1.44735229    
   10.0000000       1.62901735    
