   1.00000000       0.00000000    
   1.10000002      -1.17749877E-38
   1.20000005       1.40129846E-45
   1.29999995      -1.21945845E+18
   1.39999998       1.40129846E-45
   1.50000000       2.47579888E-37
   1.60000002       1.40129846E-45
   1.70000005       2.46119130E-37
   1.79999995       1.40129846E-45
   1.90000010       2.47387607E-37
   2.00000000       1.40129846E-45
   2.09999990      -2.07522237E+17
   2.20000005       1.40129846E-45
   2.30000019       2.00000000    
   2.40000010       0.00000000    
   2.50000000      -1.17747298E-38
   2.59999990       1.40129846E-45
   2.70000005      -1.21945405E+18
   2.80000019       1.40129846E-45
   2.90000010       2.47579888E-37
   3.00000000       1.40129846E-45
   3.10000014       2.46119130E-37
   3.20000005       1.40129846E-45
   3.29999995       2.47387607E-37
   3.40000010       1.40129846E-45
   3.50000000       0.00000000    
   3.60000014       1.40129846E-45
   3.70000005       2.46119130E-37
   3.79999995       0.00000000    
   3.90000010       4.37069311E-19
   4.00000000       2.80259693E-45
   4.10000038       0.00000000    
   4.19999981       0.00000000    
   4.30000019       0.00000000    
   4.40000010       0.00000000    
   4.50000000       32.0000000    
   4.60000038       0.00000000    
   4.69999981       4.20389539E-45
   4.80000019       0.00000000    
   4.90000010       3.56649645E+27
   5.00000000       1.40129846E-45
   5.09999990       2.47579888E-37
   5.20000029       1.40129846E-45
   5.30000019       2.47387607E-37
   5.40000010       1.40129846E-45
   5.50000000       3.56637367E+27
   5.59999990       1.40129846E-45
   5.70000029      -1.17755034E-38
   5.80000019       1.58166430E+19
   5.90000010       1.22988439E-18
   6.00000000       2.80259693E-45
   6.09999990       3.56639020E+27
   6.20000029       1.40129846E-45
   6.30000019       2.85873749E-20
   6.40000010       0.00000000    
   6.50000000      -1.63180197E-38
   6.59999990       1.40129846E-45
   6.70000029       6.30584309E-44
   6.80000019       0.00000000    
   6.90000010       1.40129846E-45
   7.00000000       0.00000000    
   7.09999990       2.47579888E-37
   7.20000029       1.40129846E-45
   7.30000019       2.47387607E-37
   7.40000010       1.40129846E-45
   7.50000000       3.56651534E+27
   7.59999990       1.40129846E-45
   7.70000029      -1.17760751E-38
   7.80000019       1.46630476E+37
   7.90000010       4.93257059E-43
   8.00000000       0.00000000    
   8.10000038       1.35603318E-06
   8.20000076      -5.83912909E-24
   8.30000019       4.93257059E-43
   8.39999962       0.00000000    
   8.50000000       3.56715758E+27
   8.60000038       1.40129846E-45
   8.70000076       2.85873749E-20
   8.80000019       0.00000000    
   8.89999962      -1.63180197E-38
   9.00000000       1.40129846E-45
   9.10000038      -2.07390983E+17
   9.19999981       1.40129846E-45
   9.30000019       0.00000000    
   9.40000057       0.00000000    
   9.50000000       2.47387607E-37
   9.60000038       1.40129846E-45
   9.69999981       3.56696869E+27
   9.80000019       1.40129846E-45
   9.90000057       3.56643978E+27
   10.0000000       1.40129846E-45
   10.1000004      -1.19202743E-38
   10.1999998       626688.062    
   10.3000002       3.56643034E+27
   10.4000006       1.40129846E-45
   10.5000000      -1.16145895E-38
   10.6000004       4.62223234E-31
   10.6999998       4.93257059E-43
   10.8000002       0.00000000    
   10.9000006       3.56715758E+27
   11.0000000       1.40129846E-45
   11.1000004       2.85873749E-20
   11.1999998       0.00000000    
   11.3000002       1.35603318E-06
   11.4000006      -5.83912909E-24
   11.5000000       4.93257059E-43
   11.6000004       0.00000000    
   11.6999998       3.56715758E+27
   11.8000002       1.40129846E-45
   11.9000006       2.85873749E-20
   12.0000000       0.00000000    
   12.1000004      -1.63180197E-38
   12.1999998       1.40129846E-45
   12.3000002      -2.07390983E+17
   12.4000006       1.40129846E-45
   12.5000000       0.00000000    
   12.6000004       0.00000000    
   12.6999998       2.47387607E-37
   12.8000002       1.40129846E-45
   12.9000006       3.56696869E+27
   13.0000000       1.40129846E-45
   13.1000004       1.68155816E-44
   13.1999998       0.00000000    
   13.3000002       3.56650117E+27
   13.4000006       1.40129846E-45
   13.5000000       2.46119130E-37
   13.6000004       1.40129846E-45
   13.6999998       3.56651770E+27
   13.8000002       1.40129846E-45
   13.9000006       3.56649645E+27
   14.0000000       1.40129846E-45
   14.1000004      -1.16182104E-38
   14.1999998       4.45852812E-32
   14.3000002       3.56644450E+27
   14.4000006       1.40129846E-45
   14.5000000       0.00000000    
   14.6000004       0.00000000    
   14.6999998       0.00000000    
   14.8000002       0.00000000    
   14.9000006       2.85875171E-20
   15.0000000       1.98792960E-28
   15.1000004       0.00000000    
   15.1999998       0.00000000    
   15.3000002       0.00000000    
   15.4000006       0.00000000    
   15.5000000       0.00000000    
   15.6000004       0.00000000    
   15.6999998       0.00000000    
   15.8000002       2.35098870E-38
   15.9000006       4.93257059E-43
   16.0000000       0.00000000    
   16.1000004       2.47487694E-37
   16.2000008       1.40129846E-45
   16.2999992       4.93257059E-43
   16.4000015       0.00000000    
   16.5000000       3.56715758E+27
   16.6000004       1.40129846E-45
   16.7000008       2.85873749E-20
   16.7999992       0.00000000    
   16.9000015      -1.63180197E-38
   17.0000000       1.40129846E-45
   17.1000004      -2.07390983E+17
   17.2000008       1.40129846E-45
   17.3000011       2.46119130E-37
   17.3999996       1.40129846E-45
   17.5000000       3.56715758E+27
   17.6000004       1.40129846E-45
   17.7000008       1.40129846E-45
   17.8000011       0.00000000    
   17.8999996       3.56652951E+27
   18.0000000       1.40129846E-45
   18.1000004      -1.20930152E-38
   18.2000008       4.51660194E-02
   18.3000011      -2.07522237E+17
   18.3999996       1.40129846E-45
   18.5000000       2.00000000    
   18.6000004       0.00000000    
   18.7000008      -1.20930488E-38
   18.8000011       1.40129846E-45
   18.8999996      -1.22061074E+18
   19.0000000       1.40129846E-45
   19.1000004       2.46119130E-37
   19.2000008       1.40129846E-45
   19.3000011       3.56710564E+27
   19.3999996       1.40129846E-45
   19.5000000       3.56715758E+27
   19.6000004       1.40129846E-45
   19.7000008       0.00000000    
   19.8000011       0.00000000    
   19.8999996      -2.07390983E+17
   20.0000000       1.40129846E-45
   20.1000004       0.00000000    
   20.2000008       0.00000000    
   20.3000011       2.47387607E-37
   20.3999996       1.40129846E-45
   20.5000000       3.56696869E+27
   20.6000004       1.40129846E-45
   20.7000008       3.56749759E+27
   20.8000011       1.40129846E-45
   20.8999996      -1.16455189E-38
   21.0000000       1.43523685E+28
   21.1000004       2.46119130E-37
   21.2000008       1.40129846E-45
   21.3000011       3.00853085E-37
   21.3999996       1.40129846E-45
   21.5000000       2.67057623E-37
   21.6000004       1.40129846E-45
   21.7000008       2.62649519E-37
   21.8000011       1.40129846E-45
   21.8999996      -1.19215064E-31
   22.0000000       1.40129846E-45
   22.1000004      -1.18926174E-31
   22.2000008       1.40129846E-45
   22.3000011      -1.15507648E-31
   22.3999996       1.40129846E-45
   22.5000000      -1.17722468E-31
   22.6000004       1.40129846E-45
   22.7000008      -1.17240985E-31
   22.8000011       1.40129846E-45
   22.8999996      -1.29717638E-38
   23.0000000       1.40129846E-45
   23.1000004      -1.40163926E-38
   23.2000008       1.40129846E-45
   23.3000011      -1.63180197E-38
   23.3999996       1.40129846E-45
   23.5000000      -1.18444692E-31
   23.6000004       1.40129846E-45
   23.7000008      -1.13870608E-31
   23.8000011       1.40129846E-45
   23.8999996      -4.96408443E-32
   24.0000000       1.40129846E-45
   24.1000004      -1.18300247E-31
   24.2000008       1.40129846E-45
   24.3000011      -1.19283289E-35
   24.3999996       1.40129846E-45
   24.5000000      -1.24035317E-38
   24.6000004       1.40129846E-45
   24.7000008      -1.44468715E-38
   24.8000011       1.40129846E-45
   24.8999996      -1.17915061E-31
   25.0000000       1.40129846E-45
   25.1000004      -2.03125424E-32
   25.2000008       1.40129846E-45
   25.3000011      -5.24665447E-33
   25.3999996       1.40129846E-45
   25.5000000      -8.79427761E-32
   25.6000004       1.40129846E-45
   25.7000008      -8.87498235E-37
   25.8000011       1.40129846E-45
   25.8999996      -1.18492840E-31
   26.0000000       1.40129846E-45
