   1.00000000       1.21849844E-04
   1.10000002       1.48305102E-04
   1.20000005       1.78830363E-04
   1.29999995       2.14339234E-04
   1.39999998       2.55110994E-04
   1.50000000       3.02022701E-04
   1.60000002       3.55606433E-04
   1.70000005       4.17130243E-04
   1.79999995       4.87516663E-04
   1.90000010       5.67653566E-04
   2.00000000       6.58742152E-04
   2.09999990       7.62484095E-04
   2.20000005       8.80529755E-04
   2.30000019       1.01398409E-03
   2.40000010       1.16498943E-03
   2.50000000       1.33560202E-03
   2.59999990       1.52836822E-03
   2.70000005       1.74580375E-03
   2.80000019       1.99047360E-03
   2.90000010       2.26557720E-03
   3.00000000       2.57511414E-03
   3.10000014       2.92256940E-03
   3.20000005       3.31199518E-03
   3.29999995       3.74767045E-03
   3.40000010       4.23589209E-03
   3.50000000       4.78128251E-03
   3.60000014       5.39110648E-03
   3.70000005       6.06928952E-03
   3.79999995       6.82619400E-03
   3.90000010       7.66992522E-03
   4.00000000       8.60672910E-03
   4.10000038       9.65011958E-03
   4.19999981       1.08079081E-02
   4.30000019       1.20889880E-02
   4.40000010       1.35120954E-02
   4.50000000       1.50872227E-02
   4.60000038       1.68289635E-02
   4.69999981       1.87511742E-02
   4.80000019       2.08763033E-02
   4.90000010       2.32156776E-02
   5.00000000       2.57993806E-02
   5.09999990       2.86345650E-02
   5.20000029       3.17520276E-02
   5.30000019       3.51737924E-02
   5.40000010       3.89251523E-02
   5.50000000       4.30288054E-02
   5.59999990       4.75187153E-02
   5.70000029       5.24109192E-02
   5.80000019       5.77561520E-02
   5.90000010       6.35844246E-02
   6.00000000       6.98880851E-02
   6.09999990       7.67546594E-02
   6.20000029       8.41627717E-02
   6.30000019       9.21919197E-02
   6.40000010      0.100823984    
   6.50000000      0.110162124    
   6.59999990      0.120145321    
   6.70000029      0.130901933    
   6.80000019      0.142311648    
   6.90000010      0.154555991    
   7.00000000      0.167553142    
   7.09999990      0.181311116    
   7.20000029      0.195919082    
   7.30000019      0.211347461    
   7.40000010      0.227525219    
   7.50000000      0.244456470    
   7.59999990      0.262164682    
   7.70000029      0.280587852    
   7.80000019      0.299624443    
   7.90000010      0.319361418    
   8.00000000      0.339659542    
   8.10000038      0.360454321    
   8.20000076      0.381711721    
   8.30000019      0.403324485    
   8.39999962      0.425235987    
   8.50000000      0.447348326    
   8.60000038      0.469521433    
   8.70000076      0.491770655    
   8.80000019      0.513929486    
   8.89999962      0.535973608    
   9.00000000      0.557810187    
   9.10000038      0.579325020    
   9.19999981      0.600430310    
   9.30000019      0.621107221    
   9.40000057      0.641290188    
   9.50000000      0.660885334    
   9.60000038      0.679888487    
   9.69999981      0.698208988    
   9.80000019      0.715850592    
   9.90000057      0.732896030    
   10.0000000      0.749137104    
   10.1000004      0.764710903    
   10.1999998      0.779497981    
   10.3000002      0.793577492    
   10.4000006      0.806933343    
   10.5000000      0.819584370    
   10.6000004      0.831553698    
   10.6999998      0.842827976    
   10.8000002      0.853406608    
   10.9000006      0.863394678    
   11.0000000      0.872784972    
   11.1000004      0.881554961    
   11.1999998      0.889773846    
   11.3000002      0.897501290    
   11.4000006      0.904680073    
   11.5000000      0.911380827    
   11.6000004      0.917673349    
   11.6999998      0.923520088    
   11.8000002      0.928947866    
   11.9000006      0.934010923    
   12.0000000      0.938695788    
   12.1000004      0.943064332    
   12.1999998      0.947158635    
   12.3000002      0.950989068    
   12.4000006      0.954524755    
   12.5000000      0.957761943    
   12.6000004      0.960800171    
   12.6999998      0.963597536    
   12.8000002      0.966219127    
   12.9000006      0.968698800    
   13.0000000      0.970935047    
   13.1000004      0.972989976    
   13.1999998      0.974938214    
   13.3000002      0.976774096    
   13.4000006      0.978404105    
   13.5000000      0.979929507    
   13.6000004      0.981412292    
   13.6999998      0.982724130    
   13.8000002      0.983934700    
   13.9000006      0.985099256    
   14.0000000      0.986172259    
