   0.00000000       1.00000000    
   9.99999978E-03   1.00000000    
   1.99999996E-02  0.999999762    
   2.99999993E-02  0.999998927    
   3.99999991E-02  0.999997735    
   4.99999970E-02  0.999996066    
   5.99999987E-02  0.999994040    
   7.00000003E-02  0.999991655    
   7.99999982E-02  0.999988914    
   8.99999961E-02  0.999985695    
   9.99999940E-02  0.999982238    
  0.109999999      0.999978662    
  0.119999997      0.999974728    
  0.129999995      0.999970555    
  0.140000001      0.999966145    
  0.149999991      0.999961376    
  0.159999996      0.999956608    
  0.170000002      0.999951839    
  0.179999992      0.999946952    
  0.189999998      0.999941945    
  0.199999988      0.999937057    
  0.209999993      0.999932051    
  0.219999999      0.999927163    
  0.229999989      0.999922395    
  0.239999995      0.999917865    
  0.250000000      0.999913454    
  0.259999990      0.999909282    
  0.269999981      0.999905348    
  0.280000001      0.999901652    
  0.289999992      0.999898314    
  0.299999982      0.999895334    
  0.310000002      0.999892712    
  0.319999993      0.999890447    
  0.329999983      0.999888420    
  0.340000004      0.999886870    
  0.349999994      0.999885678    
  0.359999985      0.999884725    
  0.370000005      0.999884248    
  0.379999995      0.999884248    
  0.389999986      0.999884605    
  0.399999976      0.999885440    
  0.409999996      0.999886632    
  0.419999987      0.999888062    
  0.429999977      0.999889851    
  0.439999998      0.999891996    
  0.449999988      0.999894500    
  0.459999979      0.999897480    
  0.469999999      0.999900699    
  0.479999989      0.999904275    
  0.489999980      0.999907970    
  0.500000000      0.999912024    
  0.509999990      0.999916315    
  0.519999981      0.999920726    
  0.529999971      0.999925137    
  0.539999962      0.999929786    
  0.550000012      0.999934554    
  0.560000002      0.999939203    
  0.569999993      0.999943972    
  0.579999983      0.999948740    
  0.589999974      0.999953270    
  0.599999964      0.999957919    
  0.610000014      0.999962330    
  0.620000005      0.999966621    
  0.629999995      0.999970794    
  0.639999986      0.999974608    
  0.649999976      0.999978065    
  0.659999967      0.999981403    
  0.669999957      0.999984264    
  0.680000007      0.999986887    
  0.689999998      0.999989152    
  0.699999988      0.999991059    
  0.709999979      0.999992609    
  0.719999969      0.999993801    
  0.729999959      0.999994636    
  0.740000010      0.999995232    
  0.750000000      0.999995351    
  0.759999990      0.999994993    
  0.769999981      0.999994159    
  0.779999971      0.999993086    
  0.789999962      0.999991536    
  0.799999952      0.999989748    
  0.810000002      0.999987602    
  0.819999993      0.999985099    
  0.829999983      0.999982238    
  0.839999974      0.999979138    
  0.849999964      0.999975562    
  0.859999955      0.999971628    
  0.870000005      0.999967575    
  0.879999995      0.999963403    
  0.889999986      0.999959111    
  0.899999976      0.999954462    
  0.909999967      0.999949813    
  0.919999957      0.999945045    
  0.930000007      0.999940276    
  0.939999998      0.999935389    
  0.949999988      0.999930620    
  0.959999979      0.999926090    
  0.969999969      0.999921560    
  0.979999959      0.999917269    
  0.989999950      0.999913096    
   1.00000000      0.999909163    
   1.00999999      0.999905467    
   1.01999998      0.999902010    
   1.02999997      0.999898791    
   1.03999996      0.999895811    
   1.04999995      0.999893188    
   1.05999994      0.999890685    
   1.06999993      0.999888659    
   1.07999992      0.999886870    
   1.09000003      0.999885440    
   1.10000002      0.999884486    
   1.11000001      0.999883771    
   1.12000000      0.999883533    
   1.13000000      0.999883652    
   1.13999999      0.999884367    
   1.14999998      0.999885440    
   1.15999997      0.999886990    
   1.16999996      0.999889016    
   1.17999995      0.999891520    
   1.18999994      0.999894261    
   1.19999993      0.999897361    
   1.20999992      0.999900818    
   1.22000003      0.999904513    
   1.23000002      0.999908447    
   1.24000001      0.999912739    
   1.25000000      0.999917030    
   1.25999999      0.999921679    
   1.26999998      0.999926329    
   1.27999997      0.999931216    
   1.28999996      0.999935985    
   1.29999995      0.999940753    
   1.30999994      0.999945641    
   1.31999993      0.999950290    
   1.32999992      0.999954939    
   1.33999991      0.999959230    
   1.35000002      0.999963522    
   1.36000001      0.999967456    
   1.37000000      0.999971390    
   1.38000000      0.999974966    
   1.38999999      0.999978304    
   1.39999998      0.999981523    
   1.40999997      0.999984384    
   1.41999996      0.999987006    
   1.42999995      0.999989152    
   1.43999994      0.999990940    
   1.44999993      0.999992490    
   1.45999992      0.999993563    
   1.46999991      0.999994040    
   1.48000002      0.999994159    
   1.49000001      0.999993920    
   1.50000000      0.999993086    
   1.50999999      0.999992013    
   1.51999998      0.999990463    
   1.52999997      0.999988556    
   1.53999996      0.999986410    
   1.54999995      0.999983907    
   1.55999994      0.999981165    
   1.56999993      0.999978065    
   1.57999992      0.999974728    
   1.58999991      0.999971151    
   1.59999990      0.999967337    
   1.61000001      0.999963403    
   1.62000000      0.999959111    
   1.63000000      0.999954700    
   1.63999999      0.999950171    
   1.64999998      0.999945641    
   1.65999997      0.999940753    
   1.66999996      0.999935865    
   1.67999995      0.999931097    
   1.68999994      0.999926209    
   1.69999993      0.999921322    
   1.70999992      0.999916673    
   1.71999991      0.999911904    
   1.73000002      0.999907374    
   1.74000001      0.999902964    
   1.75000000      0.999898672    
   1.75999999      0.999894738    
   1.76999998      0.999891162    
   1.77999997      0.999887943    
   1.78999996      0.999885201    
   1.79999995      0.999882698    
   1.80999994      0.999880433    
   1.81999993      0.999878645    
   1.82999992      0.999877214    
   1.83999991      0.999876142    
   1.84999990      0.999875546    
   1.86000001      0.999875307    
   1.87000000      0.999875546    
   1.88000000      0.999876022    
   1.88999999      0.999876976    
   1.89999998      0.999878168    
   1.90999997      0.999879837    
   1.91999996      0.999881864    
   1.92999995      0.999884367    
   1.93999994      0.999887109    
   1.94999993      0.999890208    
   1.95999992      0.999893427    
   1.96999991      0.999897003    
   1.97999990      0.999900818    
   1.99000001      0.999904633    
   2.00000000      0.999908805    
   2.00999999      0.999913096    
   2.01999998      0.999917626    
   2.02999997      0.999922276    
   2.03999996      0.999927044    
   2.04999995      0.999931931    
   2.05999994      0.999936938    
   2.06999993      0.999941945    
   2.07999992      0.999946833    
   2.08999991      0.999951601    
   2.09999990      0.999956131    
   2.10999990      0.999960542    
   2.11999989      0.999964714    
   2.12999988      0.999968767    
   2.13999987      0.999972582    
   2.14999986      0.999976039    
   2.15999985      0.999979377    
   2.16999984      0.999982357    
   2.18000007      0.999984860    
   2.19000006      0.999986887    
   2.20000005      0.999988556    
   2.21000004      0.999989986    
   2.22000003      0.999990821    
   2.23000002      0.999991179    
   2.24000001      0.999991059    
   2.25000000      0.999990702    
   2.25999999      0.999989986    
   2.26999998      0.999988914    
   2.27999997      0.999987364    
   2.28999996      0.999985576    
   2.29999995      0.999983430    
   2.30999994      0.999981046    
   2.31999993      0.999978423    
   2.32999992      0.999975324    
   2.33999991      0.999971867    
   2.34999990      0.999968052    
   2.35999990      0.999963999    
   2.36999989      0.999959826    
   2.37999988      0.999955297    
   2.38999987      0.999950528    
   2.39999986      0.999945760    
   2.40999985      0.999940872    
   2.41999984      0.999936104    
   2.42999983      0.999931216    
   2.44000006      0.999926448    
   2.45000005      0.999921679    
   2.46000004      0.999916911    
   2.47000003      0.999912381    
   2.48000002      0.999907970    
   2.49000001      0.999903798    
   2.50000000      0.999899864    
   2.50999999      0.999896049    
   2.51999998      0.999892473    
   2.52999997      0.999889374    
   2.53999996      0.999886394    
   2.54999995      0.999883652    
   2.55999994      0.999881387    
   2.56999993      0.999879599    
   2.57999992      0.999878287    
   2.58999991      0.999877334    
   2.59999990      0.999876857    
   2.60999990      0.999876738    
   2.61999989      0.999876976    
   2.62999988      0.999877810    
   2.63999987      0.999879003    
   2.64999986      0.999880791    
   2.65999985      0.999883294    
   2.66999984      0.999886513    
   2.67999983      0.999890208    
   2.69000006      0.999894619    
   2.70000005      0.999899507    
   2.71000004      0.999904990    
   2.72000003      0.999911189    
   2.73000002      0.999917984    
   2.74000001      0.999925375    
   2.75000000      0.999933243    
   2.75999999      0.999941826    
   2.76999998      0.999951005    
   2.77999997      0.999960899    
   2.78999996      0.999971509    
   2.79999995      0.999982834    
   2.80999994      0.999994636    
   2.81999993       1.00000739    
   2.82999992       1.00002050    
   2.83999991       1.00003457    
   2.84999990       1.00004959    
   2.85999990       1.00006533    
   2.86999989       1.00008202    
   2.87999988       1.00009966    
   2.88999987       1.00011849    
   2.89999986       1.00013852    
   2.90999985       1.00015998    
   2.91999984       1.00018263    
   2.92999983       1.00020719    
   2.93999982       1.00023341    
   2.95000005       1.00026155    
   2.96000004       1.00029206    
   2.97000003       1.00032473    
   2.98000002       1.00035977    
   2.99000001       1.00039744    
   3.00000000       1.00043797    
   3.00999999       1.00048161    
   3.01999998       1.00052893    
   3.02999997       1.00057971    
   3.03999996       1.00063503    
   3.04999995       1.00069463    
   3.05999994       1.00075924    
   3.06999993       1.00082910    
   3.07999992       1.00090456    
   3.08999991       1.00098610    
   3.09999990       1.00107431    
   3.10999990       1.00116956    
   3.11999989       1.00127256    
   3.12999988       1.00138402    
   3.13999987       1.00150454    
   3.14999986       1.00163484    
   3.15999985       1.00177562    
   3.16999984       1.00192738    
   3.17999983       1.00209105    
   3.18999982       1.00226748    
   3.19999981       1.00245798    
   3.21000004       1.00266302    
   3.22000003       1.00288379    
   3.23000002       1.00312114    
   3.24000001       1.00337648    
   3.25000000       1.00365090    
   3.25999999       1.00394523    
   3.26999998       1.00426102    
   3.27999997       1.00459957    
   3.28999996       1.00496244    
   3.29999995       1.00535059    
   3.30999994       1.00576615    
   3.31999993       1.00621068    
   3.32999992       1.00668585    
   3.33999991       1.00719309    
   3.34999990       1.00773442    
   3.35999990       1.00831199    
   3.36999989       1.00892758    
   3.37999988       1.00958347    
   3.38999987       1.01028192    
   3.39999986       1.01102495    
   3.40999985       1.01181495    
   3.41999984       1.01265407    
   3.42999983       1.01354504    
   3.43999982       1.01449049    
   3.44999981       1.01549339    
   3.46000004       1.01655626    
   3.47000003       1.01768231    
   3.48000002       1.01887417    
   3.49000001       1.02013540    
   3.50000000       1.02146888    
   3.50999999       1.02287829    
   3.51999998       1.02436686    
   3.52999997       1.02593863    
   3.53999996       1.02759719    
   3.54999995       1.02934623    
   3.55999994       1.03118980    
   3.56999993       1.03313196    
   3.57999992       1.03517699    
   3.58999991       1.03732955    
   3.59999990       1.03959370    
   3.60999990       1.04197443    
   3.61999989       1.04447687    
   3.62999988       1.04710519    
   3.63999987       1.04986537    
   3.64999986       1.05276215    
   3.65999985       1.05580139    
   3.66999984       1.05898809    
   3.67999983       1.06232870    
   3.68999982       1.06582916    
   3.69999981       1.06949532    
   3.70999980       1.07333362    
   3.72000003       1.07735097    
   3.73000002       1.08155406    
   3.74000001       1.08594966    
   3.75000000       1.09054554    
   3.75999999       1.09534860    
   3.76999998       1.10036659    
   3.77999997       1.10560727    
   3.78999996       1.11107934    
   3.79999995       1.11679101    
   3.80999994       1.12275064    
   3.81999993       1.12896729    
   3.82999992       1.13545036    
   3.83999991       1.14220929    
   3.84999990       1.14925408    
   3.85999990       1.15659487    
   3.86999989       1.16424227    
   3.87999988       1.17220736    
   3.88999987       1.18050122    
   3.89999986       1.18913591    
   3.90999985       1.19812322    
   3.91999984       1.20747638    
   3.92999983       1.21720791    
   3.93999982       1.22733152    
   3.94999981       1.23786092    
   3.95999980       1.24881124    
   3.97000003       1.26019692    
   3.98000002       1.27203393    
   3.99000001       1.28433883    
   4.00000000       1.29712784    
   4.00999975       1.31041849    
   4.01999998       1.32422948    
   4.02999973       1.33857882    
   4.03999996       1.35348606    
   4.04999971       1.36897182    
   4.05999994       1.38505661    
   4.06999969       1.40176201    
   4.07999992       1.41911113    
   4.08999968       1.43712711    
   4.09999990       1.45583427    
   4.11000013       1.47525716    
   4.11999989       1.49542212    
   4.13000011       1.51635504    
   4.13999987       1.53808486    
   4.15000010       1.56063914    
   4.15999985       1.58404779    
   4.17000008       1.60834098    
   4.17999983       1.63355088    
   4.19000006       1.65970957    
   4.19999981       1.68684983    
   4.21000004       1.71500623    
   4.21999979       1.74421465    
   4.23000002       1.77451050    
   4.23999977       1.80593061    
   4.25000000       1.83851373    
   4.25999975       1.87229824    
   4.26999998       1.90732372    
   4.27999973       1.94363105    
   4.28999996       1.98126066    
   4.29999971       2.02025437    
   4.30999994       2.06065440    
   4.31999969       2.10250258    
   4.32999992       2.14584160    
   4.33999968       2.19071436    
   4.34999990       2.23716426    
   4.36000013       2.28523350    
   4.36999989       2.33496428    
   4.38000011       2.38639903    
   4.38999987       2.43957758    
   4.40000010       2.49453926    
   4.40999985       2.55132294    
   4.42000008       2.60996461    
   4.42999983       2.67049932    
   4.44000006       2.73295951    
   4.44999981       2.79737520    
   4.46000004       2.86377192    
   4.46999979       2.93217206    
   4.48000002       3.00259471    
   4.48999977       3.07505274    
   4.50000000       3.14955592    
   4.50999975       3.22610664    
   4.51999998       3.30992818    
   4.52999973       3.40127850    
   4.53999996       3.50043297    
   4.54999971       3.60768056    
   4.55999994       3.72332907    
   4.56999969       3.84770083    
   4.57999992       3.98113441    
   4.58999968       4.12398434    
   4.59999990       4.27662039    
   4.61000013       4.43942547    
   4.61999989       4.61279678    
   4.63000011       4.79714346    
   4.63999987       4.99288654    
   4.65000010       5.20045471    
   4.65999985       5.42029142    
   4.67000008       5.65284204    
   4.67999983       5.89856052    
   4.69000006       6.15790224    
   4.69999981       6.43132496    
   4.71000004       6.71928740    
   4.71999979       7.02224016    
   4.73000002       7.34062958    
   4.73999977       7.67489576    
   4.75000000       8.02545929    
   4.75999975       8.39273071    
   4.76999998       8.77709579    
   4.77999973       9.17892170    
   4.78999996       9.59854221    
   4.79999971       10.0362692    
   4.80999994       10.4923668    
   4.81999969       10.9670658    
   4.82999992       11.4605465    
   4.83999968       11.9729414    
   4.84999990       12.5043278    
   4.85999966       13.0547209    
   4.86999989       13.6240683    
   4.88000011       14.2122526    
   4.88999987       14.8190851    
   4.90000010       15.4442892    
   4.90999985       16.0875034    
   4.92000008       16.7482891    
   4.92999983       17.4260998    
   4.94000006       18.1203079    
   4.94999981       18.8301678    
   4.96000004       19.5548420    
   4.96999979       20.2933884    
   4.98000002       21.0447540    
   4.98999977       21.8077698    
   5.00000000       22.5811577    
   5.00999975       23.3635426    
   5.01999998       24.1534195    
   5.02999973       24.9491806    
   5.03999996       25.7491093    
   5.04999971       26.5513840    
   5.05999994       27.3540726    
   5.06999969       28.1551571    
   5.07999992       28.9525089    
   5.08999968       29.7439270    
   5.09999990       30.5271225    
   5.10999966       31.2997227    
   5.11999989       32.0593033    
   5.13000011       32.8033752    
   5.13999987       33.5294075    
   5.15000010       34.2348175    
   5.15999985       34.9170113    
   5.17000008       35.5733757    
   5.17999983       36.2013130    
   5.19000006       36.7982025    
   5.19999981       37.3614769    
   5.21000004       37.8885880    
   5.21999979       38.3770599    
   5.23000002       38.8244705    
   5.23999977       39.2284775    
   5.25000000       39.5868263    
   5.25999975       39.8973808    
   5.26999998       40.1581230    
   5.27999973       40.3671799    
   5.28999996       40.5228310    
   5.29999971       40.6235199    
   5.30999994       40.6678238    
   5.31999969       40.6545677    
   5.32999992       40.5827255    
   5.33999968       40.4514999    
   5.34999990       40.2603035    
   5.35999966       40.0087852    
   5.36999989       39.6968040    
   5.38000011       39.3244667    
   5.38999987       38.8921165    
   5.40000010       38.4003448    
   5.40999985       37.8499832    
   5.42000008       37.2421227    
   5.42999983       36.5780945    
   5.44000006       35.8594856    
   5.44999981       35.0881004    
   5.46000004       34.2660103    
   5.46999979       33.3955002    
   5.48000002       32.4790878    
   5.48999977       31.5195103    
   5.50000000       30.5197201    
   5.50999975       29.4828529    
   5.51999998       28.4122391    
   5.52999973       27.3113880    
   5.53999996       26.1839676    
   5.54999971       25.0337849    
   5.55999994       23.8647881    
   5.56999969       22.6810322    
   5.57999992       21.4866714    
   5.58999968       20.2859497    
   5.59999990       19.0831661    
   5.60999966       17.8826637    
   5.61999989       16.6888142    
   5.62999964       15.5060053    
   5.63999987       14.3385983    
   5.65000010       13.1909370    
   5.65999985       12.0673113    
   5.67000008       10.9719391    
   5.67999983       9.90896320    
   5.69000006       8.88241100    
   5.69999981       7.89619732    
   5.71000004       6.95409012    
   5.71999979       6.05970716    
   5.73000002       5.21649218    
   5.73999977       4.42770052    
   5.75000000       3.69638848    
   5.75999975       3.02539635    
   5.76999998       2.41733527    
   5.77999973       1.87457740    
   5.78999996       1.39924526    
   5.79999971      0.993199646    
   5.80999994      0.658034146    
   5.81999969      0.395065874    
   5.82999992      0.205329686    
   5.83999968       8.95734131E-02
   5.84999990       4.82536890E-02
   5.85999966       8.15336779E-02
   5.86999989      0.189281613    
   5.87999964      0.371070743    
   5.88999987      0.626180708    
   5.90000010      0.953599334    
   5.90999985       1.35202718    
   5.92000008       1.81988132    
   5.92999983       2.35530162    
   5.94000006       2.95615935    
   5.94999981       3.62006259    
   5.96000004       4.34436846    
   5.96999979       5.12619019    
   5.98000002       5.96241474    
   5.98999977       6.84970808    
   6.00000000       7.78452969    
   6.00999975       8.76315308    
   6.01999998       9.78167248    
   6.02999973       10.8360214    
   6.03999996       11.9219913    
   6.04999971       13.0352440    
   6.05999994       14.1713352    
   6.06999969       15.3257236    
   6.07999992       16.4937954    
   6.08999968       17.6708851    
   6.09999990       18.8522930    
   6.10999966       20.0332947    
   6.11999989       21.2091656    
   6.12999964       22.3752060    
   6.13999987       23.5267601    
   6.15000010       24.6592159    
   6.15999985       25.7680435    
   6.17000008       26.8488121    
   6.17999983       27.8972034    
   6.19000006       28.9090157    
   6.19999981       29.8802109    
   6.21000004       30.8068962    
   6.21999979       31.6853638    
   6.23000002       32.5121040    
   6.23999977       33.2838097    
   6.25000000       33.9973907    
   6.25999975       34.6499939    
   6.26999998       35.2390099    
   6.27999973       35.7620773    
   6.28999996       36.2171135    
   6.29999971       36.6022835    
   6.30999994       36.9160461    
   6.31999969       37.1571541    
   6.32999992       37.3246384    
   6.33999968       37.4178238    
   6.34999990       37.4363556    
   6.35999966       37.3801384    
   6.36999989       37.2493973    
   6.37999964       37.0446663    
   6.38999987       36.7667465    
   6.39999962       36.4167633    
   6.40999985       35.9961090    
   6.42000008       35.5064583    
   6.42999983       34.9497833    
   6.44000006       34.3283043    
   6.44999981       33.6445045    
   6.46000004       32.9011154    
   6.46999979       32.1011238    
   6.48000002       31.2477074    
   6.48999977       30.3443031    
   6.50000000       29.3945045    
   6.50999975       28.4021187    
   6.51999998       27.3711090    
   6.52999973       26.3056011    
   6.53999996       25.2098560    
   6.54999971       24.0882530    
   6.55999994       22.9452782    
   6.56999969       21.7855072    
   6.57999992       20.6135654    
   6.58999968       19.4341373    
   6.59999990       18.2519455    
   6.60999966       17.0717182    
   6.61999989       15.8981705    
   6.62999964       14.7359953    
   6.63999987       13.5898418    
   6.64999962       12.4642935    
   6.65999985       11.3638506    
   6.67000008       10.2929173    
   6.67999983       9.25577450    
   6.69000006       8.25657082    
   6.69999981       7.29930401    
   6.71000004       6.38779926    
   6.71999979       5.52570152    
   6.73000002       4.71646023    
   6.73999977       3.96331000    
   6.75000000       3.26926446    
   6.75999975       2.63709784    
   6.76999998       2.06933904    
   6.77999973       1.56825805    
   6.78999996       1.13585889    
   6.79999971      0.773870945    
   6.80999994      0.483741581    
   6.81999969      0.266631275    
   6.82999992      0.123408236    
   6.83999968       5.46452776E-02
   6.84999990       6.06174171E-02
   6.85999966      0.141300738    
   6.86999989      0.296372622    
   6.87999964      0.525212884    
   6.88999987      0.826906323    
   6.89999962       1.20024669    
   6.90999985       1.64374030    
   6.92000008       2.15561390    
   6.92999983       2.73382092    
   6.94000006       3.37604880    
   6.94999981       4.07972860    
   6.96000004       4.84204626    
   6.96999979       5.65995407    
   6.98000002       6.53017950    
   6.98999977       7.44924259    
   7.00000000       8.41346931    
   7.00999975       9.41899967    
   7.01999998       10.4618158    
   7.02999973       11.5377464    
   7.03999996       12.6424913    
   7.04999971       13.7716284    
   7.05999994       14.9206486    
   7.06999969       16.0849514    
   7.07999992       17.2598782    
   7.08999968       18.4407349    
   7.09999990       19.6227989    
   7.10999966       20.8013363    
   7.11999989       21.9716415    
   7.12999964       23.1290264    
   7.13999987       24.2688694    
   7.14999962       25.3866062    
   7.15999985       26.4777775    
   7.17000008       27.5380077    
   7.17999983       28.5630646    
   7.19000006       29.5488510    
   7.19999981       30.4914131    
   7.21000004       31.3869953    
   7.21999979       32.2320175    
   7.23000002       33.0230904    
   7.23999977       33.7570457    
   7.25000000       34.4309502    
   7.25999975       35.0421143    
   7.26999998       35.5881004    
   7.27999973       36.0667152    
   7.28999996       36.4760475    
   7.29999971       36.8144531    
   7.30999994       37.0805855    
   7.31999969       37.2733765    
   7.32999992       37.3920631    
   7.33999968       37.4361610    
   7.34999990       37.4054985    
   7.35999966       37.3002014    
   7.36999989       37.1206894    
   7.37999964       36.8676796    
   7.38999987       36.5421829    
   7.39999962       36.1454926    
   7.40999985       35.6792068    
   7.41999960       35.1451874    
   7.42999983       34.5455666    
   7.44000006       33.8827477    
   7.44999981       33.1593781    
   7.46000004       32.3783531    
   7.46999979       31.5428009    
   7.48000002       30.6560535    
   7.48999977       29.7216530    
   7.50000000       28.7433491    
   7.50999975       27.7250500    
   7.51999998       26.6708221    
   7.52999973       25.5848942    
   7.53999996       24.4716015    
   7.54999971       23.3353996    
   7.55999994       22.1808262    
   7.56999969       21.0125027    
   7.57999992       19.8351002    
   7.58999968       18.6533298    
   7.59999990       17.4719124    
   7.60999966       16.2955723    
   7.61999989       15.1290159    
   7.62999964       13.9769106    
   7.63999987       12.8438625    
   7.64999962       11.7344007    
   7.65999985       10.6529655    
   7.66999960       9.60387897    
   7.67999983       8.59133911    
   7.69000006       7.61939383    
   7.69999981       6.69193077    
   7.71000004       5.81265879    
   7.71999979       4.98509550    
   7.73000002       4.21254969    
   7.73999977       3.49811101    
   7.75000000       2.84463668    
   7.75999975       2.25474024    
   7.76999998       1.73078084    
   7.77999973       1.27485406    
   7.78999996      0.888782680    
   7.79999971      0.574111044    
   7.80999994      0.332097203    
   7.81999969      0.163709208    
   7.82999992       6.96204752E-02
   7.83999968       5.02072424E-02
   7.84999990      0.105547152    
   7.85999966      0.235418886    
   7.86999989      0.439303160    
   7.87999964      0.716384292    
   7.88999987       1.06555474    
   7.89999962       1.48541749    
   7.90999985       1.97429359    
   7.91999960       2.53022766    
   7.92999983       3.15099692    
   7.94000006       3.83411860    
   7.94999981       4.57685995    
   7.96000004       5.37625265    
   7.96999979       6.22909737    
   7.98000002       7.13198423    
   7.98999977       8.08130264    
   8.00000000       9.07325745    
   8.01000023       10.1038790    
   8.01999950       11.1690502    
   8.02999973       12.2645073    
   8.03999996       13.3858709    
   8.05000019       14.5286560    
   8.05999947       15.6882954    
   8.06999969       16.8601475    
   8.07999992       18.0395298    
   8.09000015       19.2217255    
   8.09999943       20.4019985    
   8.10999966       21.5756359    
   8.11999989       22.7379456    
   8.13000011       23.8842754    
   8.13999939       25.0100384    
   8.14999962       26.1107426    
   8.15999985       27.1819801    
   8.17000008       28.2194595    
   8.17999935       29.2190380    
   8.18999958       30.1767216    
   8.19999981       31.0886726    
   8.21000004       31.9512539    
   8.22000027       32.7610092    
   8.22999954       33.5147018    
   8.23999977       34.2093239    
   8.25000000       34.8420906    
   8.26000023       35.4104767    
   8.26999950       35.9121971    
   8.27999973       36.3452568    
   8.28999996       36.7079163    
   8.30000019       36.9987259    
   8.30999947       37.2165260    
   8.31999969       37.3604431    
   8.32999992       37.4299011    
   8.34000015       37.4246216    
   8.34999943       37.3446312    
   8.35999966       37.1902466    
   8.36999989       36.9620781    
   8.38000011       36.6610527    
   8.38999939       36.2883644    
   8.39999962       35.8455124    
   8.40999985       35.3342514    
   8.42000008       34.7566414    
   8.42999935       34.1149864    
   8.43999958       33.4118538    
   8.44999981       32.6500549    
   8.46000004       31.8326340    
   8.47000027       30.9628620    
   8.47999954       30.0442200    
   8.48999977       29.0803814    
   8.50000000       28.0751991    
   8.51000023       27.0326996    
   8.51999950       25.9570351    
   8.52999973       24.8525219    
   8.53999996       23.7235737    
   8.55000019       22.5747013    
   8.55999947       21.4105053    
   8.56999969       20.2356396    
   8.57999992       19.0548058    
   8.59000015       17.8727150    
   8.59999943       16.6941051    
   8.60999966       15.5236883    
   8.61999989       14.3661451    
   8.63000011       13.2261028    
   8.63999939       12.1081219    
   8.64999962       11.0166731    
   8.65999985       9.95611954    
   8.67000008       8.93070412    
   8.67999935       7.94453001    
   8.68999958       7.00153875    
   8.69999981       6.10550261    
   8.71000004       5.26000309    
   8.72000027       4.46842289    
   8.72999954       3.73392606    
   8.73999977       3.05945110    
   8.75000000       2.44769526    
   8.76000023       1.90110528    
   8.76999950       1.42186630    
   8.77999973       1.01189482    
   8.78999996      0.672831059    
   8.80000019      0.406030834    
   8.80999947      0.212560982    
   8.81999969       9.31954086E-02
   8.82999992       4.84114215E-02
   8.84000015       7.83881024E-02
   8.84999943      0.183005571    
   8.85999966      0.361845464    
   8.86999989      0.614192486    
   8.88000011      0.939037681    
   8.88999939       1.33508170    
   8.89999962       1.80074096    
   8.90999985       2.33415318    
   8.92000008       2.93318486    
   8.92999935       3.59544086    
   8.93999958       4.31827164    
   8.94999981       5.09878731    
   8.96000004       5.93386793    
   8.97000027       6.82017136    
   8.97999954       7.75415373    
   8.98999977       8.73208332    
   9.00000000       9.75004578    
   9.01000023       10.8039722    
   9.01999950       11.8896446    
   9.02999973       13.0027227    
   9.03999996       14.1387568    
   9.05000019       15.2931986    
   9.05999947       16.4614372    
   9.06999969       17.6387920    
   9.07999992       18.8205643    
   9.09000015       20.0020256    
   9.09999943       21.1784458    
   9.10999966       22.3451309    
   9.11999989       23.4974079    
   9.13000011       24.6306667    
   9.13999939       25.7403851    
   9.14999962       26.8221092    
   9.15999985       27.8715286    
   9.17000008       28.8844376    
   9.17999935       29.8567886    
   9.18999958       30.7846832    
   9.19999981       31.6644211    
   9.21000004       32.4924774    
   9.22000027       33.2655449    
   9.22999954       33.9805260    
   9.23999977       34.6345749    
   9.25000000       35.2250633    
   9.26000023       35.7496338    
   9.26999950       36.2061920    
   9.27999973       36.5929146    
   9.28999996       36.9082489    
   9.30000019       37.1509285    
   9.30999947       37.3199997    
   9.31999969       37.4147720    
   9.32999992       37.4348831    
   9.34000015       37.3802299    
   9.34999943       37.2510414    
   9.35999966       37.0478287    
   9.36999989       36.7714081    
   9.38000011       36.4228973    
   9.38999939       36.0036812    
   9.39999962       35.5154343    
   9.40999985       34.9601097    
   9.42000008       34.3399315    
   9.42999935       33.6573830    
   9.43999958       32.9151878    
   9.44999981       32.1163139    
   9.46000004       31.2639484    
   9.46999931       30.3615112    
   9.47999954       29.4126053    
   9.48999977       28.4210281    
   9.50000000       27.3907452    
   9.51000023       26.3258705    
   9.51999950       25.2306709    
   9.52999973       24.1095219    
   9.53999996       22.9669094    
   9.55000019       21.8073997    
   9.55999947       20.6356373    
   9.56999969       19.4563046    
   9.57999992       18.2741165    
   9.59000015       17.0938034    
   9.59999943       15.9200811    
   9.60999966       14.7576466    
   9.61999989       13.6111498    
   9.63000011       12.4851723    
   9.63999939       11.3842192    
   9.64999962       10.3126917    
   9.65999985       9.27488041    
   9.67000008       8.27492905    
   9.67999935       7.31683779    
   9.68999958       6.40443993    
   9.69999981       5.54138374    
   9.71000004       4.73112059    
   9.71999931       3.97689009    
   9.72999954       3.28171086    
   9.73999977       2.64836097    
   9.75000000       2.07937479    
   9.76000023       1.57702672    
   9.76999950       1.14332592    
   9.77999973      0.780006826    
   9.78999996      0.488522589    
   9.80000019      0.270038962    
   9.80999947      0.125429526    
   9.81999969       5.52726351E-02
   9.82999992       5.98488562E-02
   9.84000015      0.139139876    
   9.84999943      0.292828649    
   9.85999966      0.520300448    
   9.86999989      0.820645630    
   9.88000011       1.19266319    
   9.88999939       1.63486481    
   9.89999962       2.14548302    
   9.90999985       2.72247481    
   9.92000008       3.36353326    
   9.92999935       4.06609440    
   9.93999958       4.82734871    
   9.94999981       5.64425087    
   9.96000004       6.51353550    
   9.96999931       7.43172503    
   9.97999954       8.39514732    
   9.98999977       9.39994907    
   10.0000000       10.4421129    
