   0.00000000       1.00000000    
   9.99999978E-03   1.00000000    
   1.99999996E-02  0.999999523    
   2.99999993E-02  0.999999881    
   3.99999991E-02   1.00000286    
   4.99999970E-02   1.00000954    
   5.99999987E-02   1.00002122    
   7.00000003E-02   1.00003958    
   7.99999982E-02   1.00006580    
   8.99999961E-02   1.00010133    
   9.99999940E-02   1.00014710    
  0.109999999       1.00020409    
  0.119999997       1.00027370    
  0.129999995       1.00035644    
  0.140000001       1.00045323    
  0.149999991       1.00056517    
  0.159999996       1.00069225    
  0.170000002       1.00083530    
  0.179999992       1.00099492    
  0.189999998       1.00117075    
  0.199999988       1.00136352    
  0.209999993       1.00157320    
  0.219999999       1.00179970    
  0.229999989       1.00204265    
  0.239999995       1.00230205    
  0.250000000       1.00257754    
  0.259999990       1.00286829    
  0.269999981       1.00317371    
  0.280000001       1.00349331    
  0.289999992       1.00382578    
  0.299999982       1.00417042    
  0.310000002       1.00452602    
  0.319999993       1.00489140    
  0.329999983       1.00526571    
  0.340000004       1.00564754    
  0.349999994       1.00603580    
  0.359999985       1.00642872    
  0.370000005       1.00682557    
  0.379999995       1.00722420    
  0.389999986       1.00762355    
  0.399999976       1.00802183    
  0.409999996       1.00841761    
  0.419999987       1.00880957    
  0.429999977       1.00919616    
  0.439999998       1.00957572    
  0.449999988       1.00994706    
  0.459999979       1.01030874    
  0.469999999       1.01065958    
  0.479999989       1.01099777    
  0.489999980       1.01132286    
  0.500000000       1.01163340    
  0.509999990       1.01192844    
  0.519999981       1.01220644    
  0.529999971       1.01246667    
  0.539999962       1.01270902    
  0.550000012       1.01293206    
  0.560000002       1.01313555    
  0.569999993       1.01331925    
  0.579999983       1.01348221    
  0.589999974       1.01362431    
  0.599999964       1.01374578    
  0.610000014       1.01384628    
  0.620000005       1.01392651    
  0.629999995       1.01398599    
  0.639999986       1.01402545    
  0.649999976       1.01404536    
  0.659999967       1.01404607    
  0.669999957       1.01402855    
  0.680000007       1.01399326    
  0.689999998       1.01394141    
  0.699999988       1.01387346    
  0.709999979       1.01379085    
  0.719999969       1.01369464    
  0.729999959       1.01358557    
  0.740000010       1.01346540    
  0.750000000       1.01333523    
  0.759999990       1.01319659    
  0.769999981       1.01305020    
  0.779999971       1.01289833    
  0.789999962       1.01274180    
  0.799999952       1.01258254    
  0.810000002       1.01242208    
  0.819999993       1.01226103    
  0.829999983       1.01210177    
  0.839999974       1.01194489    
  0.849999964       1.01179218    
  0.859999955       1.01164472    
  0.870000005       1.01150346    
  0.879999995       1.01136994    
  0.889999986       1.01124525    
  0.899999976       1.01113009    
  0.909999967       1.01102567    
  0.919999957       1.01093280    
  0.930000007       1.01085258    
  0.939999998       1.01078546    
  0.949999988       1.01073170    
  0.959999979       1.01069212    
  0.969999969       1.01066697    
  0.979999959       1.01065648    
  0.989999950       1.01066077    
   1.00000000       1.01067972    
   1.00999999       1.01071322    
   1.01999998       1.01076126    
   1.02999997       1.01082301    
   1.03999996       1.01089859    
   1.04999995       1.01098728    
   1.05999994       1.01108837    
   1.06999993       1.01120138    
   1.07999992       1.01132476    
   1.09000003       1.01145840    
   1.10000002       1.01160085    
   1.11000001       1.01175070    
   1.12000000       1.01190734    
   1.13000000       1.01206899    
   1.13999999       1.01223493    
   1.14999998       1.01240337    
   1.15999997       1.01257360    
   1.16999996       1.01274371    
   1.17999995       1.01291239    
   1.18999994       1.01307821    
   1.19999993       1.01323950    
   1.20999992       1.01339531    
   1.22000003       1.01354361    
   1.23000002       1.01368356    
   1.24000001       1.01381314    
   1.25000000       1.01393175    
   1.25999999       1.01403761    
   1.26999998       1.01412988    
   1.27999997       1.01420736    
   1.28999996       1.01426911    
   1.29999995       1.01431406    
   1.30999994       1.01434112    
   1.31999993       1.01435006    
   1.32999992       1.01433969    
   1.33999991       1.01430964    
   1.35000002       1.01425946    
   1.36000001       1.01418912    
   1.37000000       1.01409793    
   1.38000000       1.01398575    
   1.38999999       1.01385307    
   1.39999998       1.01369941    
   1.40999997       1.01352537    
   1.41999996       1.01333094    
   1.42999995       1.01311707    
   1.43999994       1.01288390    
   1.44999993       1.01263249    
   1.45999992       1.01236355    
   1.46999991       1.01207781    
   1.48000002       1.01177633    
   1.49000001       1.01145983    
   1.50000000       1.01112962    
   1.50999999       1.01078737    
   1.51999998       1.01043355    
   1.52999997       1.01007009    
   1.53999996       1.00969815    
   1.54999995       1.00931919    
   1.55999994       1.00893438    
   1.56999993       1.00854540    
   1.57999992       1.00815403    
   1.58999991       1.00776124    
   1.59999990       1.00736892    
   1.61000001       1.00697875    
   1.62000000       1.00659144    
   1.63000000       1.00620878    
   1.63999999       1.00583208    
   1.64999998       1.00546265    
   1.65999997       1.00510216    
   1.66999996       1.00475156    
   1.67999995       1.00441182    
   1.68999994       1.00408399    
   1.69999993       1.00376892    
   1.70999992       1.00346768    
   1.71999991       1.00318086    
   1.73000002       1.00290918    
   1.74000001       1.00265324    
   1.75000000       1.00241303    
   1.75999999       1.00218940    
   1.76999998       1.00198245    
   1.77999997       1.00179231    
   1.78999996       1.00161874    
   1.79999995       1.00146174    
   1.80999994       1.00132084    
   1.81999993       1.00119579    
   1.82999992       1.00108624    
   1.83999991       1.00099134    
   1.84999990       1.00091052    
   1.86000001       1.00084245    
   1.87000000       1.00078714    
   1.88000000       1.00074303    
   1.88999999       1.00070918    
   1.89999998       1.00068414    
   1.90999997       1.00066721    
   1.91999996       1.00065672    
   1.92999995       1.00065124    
   1.93999994       1.00064981    
   1.94999993       1.00065029    
   1.95999992       1.00065219    
   1.96999991       1.00065362    
   1.97999990       1.00065315    
   1.99000001       1.00064957    
   2.00000000       1.00064123    
   2.00999999       1.00062668    
   2.01999998       1.00060475    
   2.02999997       1.00057423    
   2.03999996       1.00053346    
   2.04999995       1.00048161    
   2.05999994       1.00041747    
   2.06999993       1.00033975    
   2.07999992       1.00024748    
   2.08999991       1.00013971    
   2.09999990       1.00001597    
   2.10999990      0.999875307    
   2.11999989      0.999717474    
   2.12999988      0.999541700    
   2.13999987      0.999347687    
   2.14999986      0.999135315    
   2.15999985      0.998904526    
   2.16999984      0.998655200    
   2.18000007      0.998387516    
   2.19000006      0.998101652    
   2.20000005      0.997798085    
   2.21000004      0.997477353    
   2.22000003      0.997139812    
   2.23000002      0.996786177    
   2.24000001      0.996417403    
   2.25000000      0.996034384    
   2.25999999      0.995638251    
   2.26999998      0.995229959    
   2.27999997      0.994810641    
   2.28999996      0.994381845    
   2.29999995      0.993944645    
   2.30999994      0.993500471    
   2.31999993      0.993050635    
   2.32999992      0.992596805    
   2.33999991      0.992140532    
   2.34999990      0.991683066    
   2.35999990      0.991226315    
   2.36999989      0.990771592    
   2.37999988      0.990320504    
   2.38999987      0.989874244    
   2.39999986      0.989434659    
   2.40999985      0.989002705    
   2.41999984      0.988580227    
   2.42999983      0.988168418    
   2.44000006      0.987768471    
   2.45000005      0.987381577    
   2.46000004      0.987008631    
   2.47000003      0.986650944    
   2.48000002      0.986309409    
   2.49000001      0.985984564    
   2.50000000      0.985677302    
   2.50999999      0.985388041    
   2.51999998      0.985117197    
   2.52999997      0.984865308    
   2.53999996      0.984632254    
   2.54999995      0.984418273    
   2.55999994      0.984223485    
   2.56999993      0.984047532    
   2.57999992      0.983890235    
   2.58999991      0.983751059    
   2.59999990      0.983629763    
   2.60999990      0.983525395    
   2.61999989      0.983437181    
   2.62999988      0.983364701    
   2.63999987      0.983306825    
   2.64999986      0.983262241    
   2.65999985      0.983230352    
   2.66999984      0.983209312    
   2.67999983      0.983197927    
   2.69000006      0.983195126    
   2.70000005      0.983199358    
   2.71000004      0.983209312    
   2.72000003      0.983223379    
   2.73000002      0.983239889    
   2.74000001      0.983257651    
   2.75000000      0.983274996    
   2.75999999      0.983290255    
   2.76999998      0.983301938    
   2.77999997      0.983308792    
   2.78999996      0.983309269    
   2.79999995      0.983301818    
   2.80999994      0.983285189    
   2.81999993      0.983258486    
   2.82999992      0.983220160    
   2.83999991      0.983169317    
   2.84999990      0.983104765    
   2.85999990      0.983025849    
   2.86999989      0.982931614    
   2.87999988      0.982821405    
   2.88999987      0.982694328    
   2.89999986      0.982550502    
   2.90999985      0.982389331    
   2.91999984      0.982210457    
   2.92999983      0.982014000    
   2.93999982      0.981799722    
   2.95000005      0.981568098    
   2.96000004      0.981319308    
   2.97000003      0.981053829    
   2.98000002      0.980772138    
   2.99000001      0.980474770    
   3.00000000      0.980162561    
   3.00999999      0.979836524    
   3.01999998      0.979497731    
   3.02999997      0.979147136    
   3.03999996      0.978785992    
   3.04999995      0.978415549    
   3.05999994      0.978037238    
   3.06999993      0.977652073    
   3.07999992      0.977261662    
   3.08999991      0.976867616    
   3.09999990      0.976471305    
   3.10999990      0.976074457    
   3.11999989      0.975678444    
   3.12999988      0.975284815    
   3.13999987      0.974895298    
   3.14999986      0.974511504    
   3.15999985      0.974134624    
   3.16999984      0.973766148    
   3.17999983      0.973407507    
   3.18999982      0.973060250    
   3.19999981      0.972725213    
   3.21000004      0.972403944    
   3.22000003      0.972097278    
   3.23000002      0.971806288    
   3.24000001      0.971532226    
   3.25000000      0.971275508    
   3.25999999      0.971036792    
   3.26999998      0.970817029    
   3.27999997      0.970616579    
   3.28999996      0.970435441    
   3.29999995      0.970274091    
   3.30999994      0.970132530    
   3.31999993      0.970010757    
   3.32999992      0.969908357    
   3.33999991      0.969825268    
   3.34999990      0.969760776    
   3.35999990      0.969714403    
   3.36999989      0.969685674    
   3.37999988      0.969673693    
   3.38999987      0.969677329    
   3.39999986      0.969695985    
   3.40999985      0.969728053    
   3.41999984      0.969772518    
   3.42999983      0.969828188    
   3.43999982      0.969893694    
   3.44999981      0.969967544    
   3.46000004      0.970048070    
   3.47000003      0.970134139    
   3.48000002      0.970223963    
   3.49000001      0.970315933    
   3.50000000      0.970408559    
   3.50999999      0.970500290    
   3.51999998      0.970589519    
   3.52999997      0.970674932    
   3.53999996      0.970754683    
   3.54999995      0.970827401    
   3.55999994      0.970891535    
   3.56999993      0.970946133    
   3.57999992      0.970989823    
   3.58999991      0.971021533    
   3.59999990      0.971040010    
   3.60999990      0.971044123    
   3.61999989      0.971033156    
   3.62999988      0.971006393    
   3.63999987      0.970963061    
   3.64999986      0.970902562    
   3.65999985      0.970824659    
   3.66999984      0.970728934    
   3.67999983      0.970615268    
   3.68999982      0.970483601    
   3.69999981      0.970334113    
   3.70999980      0.970167160    
   3.72000003      0.969982922    
   3.73000002      0.969782174    
   3.74000001      0.969565213    
   3.75000000      0.969332933    
   3.75999999      0.969086349    
   3.76999998      0.968826234    
   3.77999997      0.968553543    
   3.78999996      0.968269885    
   3.79999995      0.967975974    
   3.80999994      0.967673361    
   3.81999993      0.967363477    
   3.82999992      0.967047632    
   3.83999991      0.966727614    
   3.84999990      0.966404855    
   3.85999990      0.966080487    
   3.86999989      0.965756416    
   3.87999988      0.965434074    
   3.88999987      0.965115130    
   3.89999986      0.964801192    
   3.90999985      0.964493632    
   3.91999984      0.964194059    
   3.92999983      0.963903785    
   3.93999982      0.963624179    
   3.94999981      0.963356793    
   3.95999980      0.963102579    
   3.97000003      0.962863028    
   3.98000002      0.962638795    
   3.99000001      0.962430835    
   4.00000000      0.962240100    
   4.00999975      0.962067366    
   4.01999998      0.961913168    
   4.02999973      0.961777925    
   4.03999996      0.961662173    
   4.04999971      0.961565971    
   4.05999994      0.961489260    
   4.06999969      0.961432219    
   4.07999992      0.961394608    
   4.08999968      0.961375773    
   4.09999990      0.961375535    
   4.11000013      0.961393297    
   4.11999989      0.961428344    
   4.13000011      0.961479783    
   4.13999987      0.961546898    
   4.15000010      0.961628258    
   4.15999985      0.961722970    
   4.17000008      0.961830020    
   4.17999983      0.961947799    
   4.19000006      0.962075114    
   4.19999981      0.962210298    
   4.21000004      0.962352097    
   4.21999979      0.962498784    
   4.23000002      0.962648809    
   4.23999977      0.962800562    
   4.25000000      0.962952614    
   4.25999975      0.963103414    
   4.26999998      0.963251054    
   4.27999973      0.963394165    
   4.28999996      0.963531017    
   4.29999971      0.963660598    
   4.30999994      0.963781238    
   4.31999969      0.963891745    
   4.32999992      0.963990629    
   4.33999968      0.964076519    
   4.34999990      0.964148641    
   4.36000013      0.964205861    
   4.36999989      0.964247286    
   4.38000011      0.964272499    
   4.38999987      0.964280665    
   4.40000010      0.964271069    
   4.40999985      0.964243472    
   4.42000008      0.964197695    
   4.42999983      0.964133561    
   4.44000006      0.964051127    
   4.44999981      0.963950694    
   4.46000004      0.963832617    
   4.46999979      0.963696957    
   4.48000002      0.963544488    
   4.48999977      0.963375628    
   4.50000000      0.963191390    
   4.50999975      0.962992251    
   4.51999998      0.962779701    
   4.52999973      0.962554693    
   4.53999996      0.962318301    
   4.54999971      0.962071955    
   4.55999994      0.961816847    
   4.56999969      0.961554408    
   4.57999992      0.961286247    
   4.58999968      0.961014032    
   4.59999990      0.960739076    
   4.61000013      0.960462987    
   4.61999989      0.960187435    
   4.63000011      0.959913731    
   4.63999987      0.959643841    
   4.65000010      0.959379256    
   4.65999985      0.959121346    
   4.67000008      0.958871901    
   4.67999983      0.958631992    
   4.69000006      0.958403111    
   4.69999981      0.958186567    
   4.71000004      0.957983613    
   4.71999979      0.957795203    
   4.73000002      0.957622647    
   4.73999977      0.957466483    
   4.75000000      0.957327664    
   4.75999975      0.957206726    
   4.76999998      0.957104206    
   4.77999973      0.957020581    
   4.78999996      0.956956089    
   4.79999971      0.956910968    
   4.80999994      0.956884980    
   4.81999969      0.956878185    
   4.82999992      0.956890225    
   4.83999968      0.956920624    
   4.84999990      0.956969023    
   4.85999966      0.957034588    
   4.86999989      0.957116663    
   4.88000011      0.957214534    
   4.88999987      0.957326949    
   4.90000010      0.957452834    
   4.90999985      0.957591295    
   4.92000008      0.957740724    
   4.92999983      0.957900107    
   4.94000006      0.958067656    
   4.94999981      0.958241999    
   4.96000004      0.958421707    
   4.96999979      0.958605289    
   4.98000002      0.958791196    
   4.98999977      0.958977878    
   5.00000000      0.959163368    
   5.00999975      0.959346473    
   5.01999998      0.959525347    
   5.02999973      0.959698737    
   5.03999996      0.959865272    
   5.04999971      0.960023224    
   5.05999994      0.960170984    
   5.06999969      0.960307300    
   5.07999992      0.960431218    
   5.08999968      0.960541427    
   5.09999990      0.960636973    
   5.10999966      0.960716903    
   5.11999989      0.960780442    
   5.13000011      0.960826874    
   5.13999987      0.960855722    
   5.15000010      0.960866451    
   5.15999985      0.960858762    
   5.17000008      0.960832477    
   5.17999983      0.960787714    
   5.19000006      0.960724473    
   5.19999981      0.960642934    
   5.21000004      0.960543513    
   5.21999979      0.960426569    
   5.23000002      0.960292935    
   5.23999977      0.960143030    
   5.25000000      0.959978104    
   5.25999975      0.959799051    
   5.26999998      0.959606946    
   5.27999973      0.959403098    
   5.28999996      0.959188342    
   5.29999971      0.958964348    
   5.30999994      0.958732247    
   5.31999969      0.958493710    
   5.32999992      0.958250046    
   5.33999968      0.958002985    
   5.34999990      0.957754135    
   5.35999966      0.957504988    
   5.36999989      0.957257092    
   5.38000011      0.957012057    
   5.38999987      0.956771374    
   5.40000010      0.956536770    
   5.40999985      0.956309795    
   5.42000008      0.956091821    
   5.42999983      0.955883980    
   5.44000006      0.955687940    
   5.44999981      0.955504775    
   5.46000004      0.955335617    
   5.46999979      0.955181539    
   5.48000002      0.955043733    
   5.48999977      0.954922795    
   5.50000000      0.954819620    
   5.50999975      0.954734325    
   5.51999998      0.954667926    
   5.52999973      0.954620302    
   5.53999996      0.954591870    
   5.54999971      0.954582691    
   5.55999994      0.954592466    
   5.56999969      0.954621136    
   5.57999992      0.954668283    
   5.58999968      0.954733551    
   5.59999990      0.954815984    
   5.60999966      0.954915106    
   5.61999989      0.955030084    
   5.62999964      0.955159903    
   5.63999987      0.955303311    
   5.65000010      0.955459356    
   5.65999985      0.955626667    
   5.67000008      0.955804050    
   5.67999983      0.955989957    
   5.69000006      0.956183076    
   5.69999981      0.956381857    
   5.71000004      0.956584454    
   5.71999979      0.956789553    
   5.73000002      0.956995368    
   5.73999977      0.957200408    
   5.75000000      0.957403004    
   5.75999975      0.957601786    
   5.76999998      0.957794964    
   5.77999973      0.957980931    
   5.78999996      0.958158553    
   5.79999971      0.958326101    
   5.80999994      0.958482504    
   5.81999969      0.958626509    
   5.82999992      0.958757102    
   5.83999968      0.958873034    
   5.84999990      0.958973289    
   5.85999966      0.959057152    
   5.86999989      0.959123671    
   5.87999964      0.959172606    
   5.88999987      0.959203184    
   5.90000010      0.959215343    
   5.90999985      0.959208667    
   5.92000008      0.959183097    
   5.92999983      0.959138870    
   5.94000006      0.959075928    
   5.94999981      0.958994806    
   5.96000004      0.958896041    
   5.96999979      0.958779991    
   5.98000002      0.958647549    
   5.98999977      0.958499551    
   6.00000000      0.958337069    
   6.00999975      0.958161116    
   6.01999998      0.957972884    
   6.02999973      0.957773626    
   6.03999996      0.957564712    
   6.04999971      0.957347393    
   6.05999994      0.957123220    
   6.06999969      0.956893682    
   6.07999992      0.956660390    
   6.08999968      0.956424773    
   6.09999990      0.956188440    
   6.10999966      0.955953002    
   6.11999989      0.955720246    
   6.12999964      0.955491483    
   6.13999987      0.955268562    
   6.15000010      0.955052793    
   6.15999985      0.954845607    
   6.17000008      0.954648495    
   6.17999983      0.954462707    
   6.19000006      0.954289675    
   6.19999981      0.954130113    
   6.21000004      0.953985393    
   6.21999979      0.953856528    
   6.23000002      0.953744292    
   6.23999977      0.953649521    
   6.25000000      0.953572571    
   6.25999975      0.953514040    
   6.26999998      0.953474224    
   6.27999973      0.953453481    
   6.28999996      0.953451753    
   6.29999971      0.953469098    
   6.30999994      0.953505158    
   6.31999969      0.953559637    
   6.32999992      0.953632057    
   6.33999968      0.953721821    
   6.34999990      0.953828216    
   6.35999966      0.953950346    
   6.36999989      0.954087496    
   6.37999964      0.954238534    
   6.38999987      0.954402149    
   6.39999962      0.954577327    
   6.40999985      0.954762876    
   6.42000008      0.954956949    
   6.42999983      0.955158353    
   6.44000006      0.955365419    
   6.44999981      0.955576658    
   6.46000004      0.955790520    
   6.46999979      0.956005335    
   6.48000002      0.956219673    
   6.48999977      0.956431746    
   6.50000000      0.956639946    
   6.50999975      0.956843078    
   6.51999998      0.957039118    
   6.52999973      0.957226992    
   6.53999996      0.957405090    
   6.54999971      0.957572281    
   6.55999994      0.957727075    
   6.56999969      0.957868338    
   6.57999992      0.957995176    
   6.58999968      0.958106637    
   6.59999990      0.958201587    
   6.60999966      0.958279550    
   6.61999989      0.958339632    
   6.62999964      0.958381772    
   6.63999987      0.958405256    
   6.64999962      0.958409786    
   6.65999985      0.958395422    
   6.67000008      0.958362520    
   6.67999983      0.958310843    
   6.69000006      0.958240569    
   6.69999981      0.958152354    
   6.71000004      0.958046854    
   6.71999979      0.957924843    
   6.73000002      0.957787037    
   6.73999977      0.957634330    
   6.75000000      0.957467973    
   6.75999975      0.957289040    
   6.76999998      0.957098842    
   6.77999973      0.956898570    
   6.78999996      0.956689537    
   6.79999971      0.956473231    
   6.80999994      0.956251264    
   6.81999969      0.956025362    
   6.82999992      0.955796599    
   6.83999968      0.955566883    
   6.84999990      0.955337703    
   6.85999966      0.955110848    
   6.86999989      0.954887867    
   6.87999964      0.954670250    
   6.88999987      0.954459727    
   6.89999962      0.954257309    
   6.90999985      0.954064667    
   6.92000008      0.953883290    
   6.92999983      0.953714371    
   6.94000006      0.953558862    
   6.94999981      0.953418016    
   6.96000004      0.953292847    
   6.96999979      0.953184128    
   6.98000002      0.953092933    
   6.98999977      0.953019261    
   7.00000000      0.952963948    
   7.00999975      0.952927291    
   7.01999998      0.952909648    
   7.02999973      0.952910900    
   7.03999996      0.952931166    
   7.04999971      0.952970266    
   7.05999994      0.953027606    
   7.06999969      0.953103006    
   7.07999992      0.953196049    
   7.08999968      0.953305781    
   7.09999990      0.953431726    
   7.10999966      0.953572452    
   7.11999989      0.953727186    
   7.12999964      0.953894615    
   7.13999987      0.954073548    
   7.14999962      0.954262912    
   7.15999985      0.954461098    
   7.17000008      0.954666913    
   7.17999983      0.954878569    
   7.19000006      0.955094397    
   7.19999981      0.955313087    
   7.21000004      0.955532849    
   7.21999979      0.955752075    
   7.23000002      0.955969214    
   7.23999977      0.956182837    
   7.25000000      0.956391275    
   7.25999975      0.956592977    
   7.26999998      0.956786275    
   7.27999973      0.956970096    
   7.28999996      0.957142711    
   7.29999971      0.957303047    
   7.30999994      0.957450032    
   7.31999969      0.957582533    
   7.32999992      0.957699537    
   7.33999968      0.957800210    
   7.34999990      0.957883656    
   7.35999966      0.957949221    
   7.36999989      0.957996368    
   7.37999964      0.958024800    
   7.38999987      0.958034396    
   7.39999962      0.958025157    
   7.40999985      0.957996905    
   7.41999960      0.957950115    
   7.42999983      0.957884669    
   7.44000006      0.957801163    
   7.44999981      0.957700014    
   7.46000004      0.957582295    
   7.46999979      0.957448602    
   7.48000002      0.957300127    
   7.48999977      0.957137644    
   7.50000000      0.956962526    
   7.50999975      0.956776023    
   7.51999998      0.956579089    
   7.52999973      0.956373215    
   7.53999996      0.956160009    
   7.54999971      0.955940783    
   7.55999994      0.955717325    
   7.56999969      0.955491245    
   7.57999992      0.955264151    
   7.58999968      0.955037653    
   7.59999990      0.954813421    
   7.60999966      0.954593062    
   7.61999989      0.954378068    
   7.62999964      0.954169869    
   7.63999987      0.953969657    
   7.64999962      0.953779340    
   7.65999985      0.953600049    
   7.66999960      0.953432977    
   7.67999983      0.953279614    
   7.69000006      0.953140616    
   7.69999981      0.953017294    
   7.71000004      0.952910423    
   7.71999979      0.952820837    
   7.73000002      0.952749133    
   7.73999977      0.952695727    
   7.75000000      0.952660978    
   7.75999975      0.952645004    
   7.76999998      0.952648163    
   7.77999973      0.952670276    
   7.78999996      0.952711344    
   7.79999971      0.952770889    
   7.80999994      0.952848554    
   7.81999969      0.952943742    
   7.82999992      0.953055680    
   7.83999968      0.953183591    
   7.84999990      0.953326643    
   7.85999966      0.953483880    
   7.86999989      0.953653932    
   7.87999964      0.953835666    
   7.88999987      0.954027653    
   7.89999962      0.954228282    
   7.90999985      0.954436302    
   7.91999960      0.954650104    
   7.92999983      0.954868317    
   7.94000006      0.955089152    
   7.94999981      0.955311239    
   7.96000004      0.955532849    
   7.96999979      0.955752432    
   7.98000002      0.955968261    
   7.98999977      0.956178904    
   8.00000000      0.956382751    
   8.01000023      0.956578434    
   8.01999950      0.956764400    
   8.02999973      0.956939161    
   8.03999996      0.957101524    
   8.05000019      0.957250476    
   8.05999947      0.957384944    
   8.06999969      0.957503676    
   8.07999992      0.957606196    
   8.09000015      0.957691371    
   8.09999943      0.957758546    
   8.10999966      0.957807600    
   8.11999989      0.957837760    
   8.13000011      0.957848966    
   8.13999939      0.957841396    
   8.14999962      0.957814813    
   8.15999985      0.957769275    
   8.17000008      0.957705379    
   8.17999935      0.957623482    
   8.18999958      0.957524180    
   8.19999981      0.957408249    
   8.21000004      0.957276464    
   8.22000027      0.957129598    
   8.22999954      0.956968784    
   8.23999977      0.956795156    
   8.25000000      0.956609786    
   8.26000023      0.956414282    
   8.26999950      0.956209779    
   8.27999973      0.955998003    
   8.28999996      0.955780268    
   8.30000019      0.955558121    
   8.30999947      0.955333352    
   8.31999969      0.955107450    
   8.32999992      0.954882026    
   8.34000015      0.954658866    
   8.34999943      0.954439580    
   8.35999966      0.954225481    
   8.36999989      0.954018354    
   8.38000011      0.953819752    
   8.38999939      0.953630984    
   8.39999962      0.953453362    
   8.40999985      0.953288317    
   8.42000008      0.953136921    
   8.42999935      0.953000247    
   8.43999958      0.952879012    
   8.44999981      0.952774286    
   8.46000004      0.952686787    
   8.47000027      0.952616870    
   8.47999954      0.952565193    
   8.48999977      0.952532053    
   8.50000000      0.952517748    
   8.51000023      0.952522397    
   8.51999950      0.952546120    
   8.52999973      0.952588558    
   8.53999996      0.952649295    
   8.55000019      0.952728212    
   8.55999947      0.952824533    
   8.56999969      0.952937663    
   8.57999992      0.953066826    
   8.59000015      0.953210950    
   8.59999943      0.953368843    
   8.60999966      0.953539610    
   8.61999989      0.953722060    
   8.63000011      0.953914702    
   8.63999939      0.954116404    
   8.64999962      0.954325438    
   8.65999985      0.954540431    
   8.67000008      0.954759717    
   8.67999935      0.954981863    
   8.68999958      0.955205321    
   8.69999981      0.955428362    
   8.71000004      0.955649376    
   8.72000027      0.955866873    
   8.72999954      0.956079006    
   8.73999977      0.956284285    
   8.75000000      0.956481040    
   8.76000023      0.956667960    
   8.76999950      0.956843555    
   8.77999973      0.957006693    
   8.78999996      0.957156122    
   8.80000019      0.957291067    
   8.80999947      0.957410216    
   8.81999969      0.957513034    
   8.82999992      0.957598388    
   8.84000015      0.957665801    
   8.84999943      0.957715034    
   8.85999966      0.957745373    
   8.86999989      0.957756698    
   8.88000011      0.957749128    
   8.88999939      0.957722664    
   8.89999962      0.957677245    
   8.90999985      0.957613468    
   8.92000008      0.957531691    
   8.92999935      0.957432270    
   8.93999958      0.957316339    
   8.94999981      0.957184434    
   8.96000004      0.957037628    
   8.97000027      0.956876934    
   8.97999954      0.956703424    
   8.98999977      0.956518352    
   9.00000000      0.956323087    
   9.01000023      0.956119001    
   9.01999950      0.955907643    
   9.02999973      0.955690503    
   9.03999996      0.955469131    
   9.05000019      0.955245197    
   9.05999947      0.955020189    
   9.06999969      0.954795837    
   9.07999992      0.954573631    
   9.09000015      0.954355121    
   9.09999943      0.954142153    
   9.10999966      0.953936040    
   9.11999989      0.953738451    
   9.13000011      0.953550696    
   9.13999939      0.953373730    
   9.14999962      0.953209043    
   9.15999985      0.953057766    
   9.17000008      0.952921033    
   9.17999935      0.952799916    
   9.18999958      0.952695072    
   9.19999981      0.952607334    
   9.21000004      0.952537298    
   9.22000027      0.952485502    
   9.22999954      0.952452362    
   9.23999977      0.952438056    
   9.25000000      0.952442825    
   9.26000023      0.952466428    
   9.26999950      0.952508748    
   9.27999973      0.952569485    
   9.28999996      0.952648282    
   9.30000019      0.952744603    
   9.30999947      0.952857614    
   9.31999969      0.952986538    
   9.32999992      0.953130603    
   9.34000015      0.953288555    
   9.34999943      0.953459442    
   9.35999966      0.953641713    
   9.36999989      0.953834414    
   9.38000011      0.954036057    
   9.38999939      0.954245329    
   9.39999962      0.954460502    
   9.40999985      0.954680085    
   9.42000008      0.954902291    
   9.42999935      0.955125749    
   9.43999958      0.955348730    
   9.44999981      0.955569685    
   9.46000004      0.955787003    
   9.46999931      0.955999255    
   9.47999954      0.956204772    
   9.48999977      0.956402123    
   9.50000000      0.956589937    
   9.51000023      0.956766844    
   9.51999950      0.956931472    
   9.52999973      0.957082868    
   9.53999996      0.957219660    
   9.55000019      0.957340956    
   9.55999947      0.957445920    
   9.56999969      0.957534015    
   9.57999992      0.957604229    
   9.59000015      0.957656264    
   9.59999943      0.957689643    
   9.60999966      0.957704186    
   9.61999989      0.957699656    
   9.63000011      0.957676351    
   9.63999939      0.957634211    
   9.64999962      0.957573652    
   9.65999985      0.957495153    
   9.67000008      0.957399189    
   9.67999935      0.957286596    
   9.68999958      0.957158089    
   9.69999981      0.957014620    
   9.71000004      0.956857204    
   9.71999931      0.956686854    
   9.72999954      0.956504822    
   9.73999977      0.956312478    
   9.75000000      0.956111372    
   9.76000023      0.955902755    
   9.76999950      0.955688059    
   9.77999973      0.955469131    
   9.78999996      0.955247283    
   9.80000019      0.955024302    
   9.80999947      0.954801440    
   9.81999969      0.954580724    
   9.82999992      0.954363286    
   9.84000015      0.954150617    
   9.84999943      0.953944445    
   9.85999966      0.953746140    
   9.86999989      0.953557193    
   9.88000011      0.953378856    
   9.88999939      0.953212678    
   9.89999962      0.953059494    
   9.90999985      0.952920556    
   9.92000008      0.952796876    
   9.92999935      0.952689350    
   9.93999958      0.952598691    
   9.94999981      0.952525616    
   9.96000004      0.952470481    
   9.96999931      0.952434063    
   9.97999954      0.952416301    
   9.98999977      0.952417433    
   10.0000000      0.952437460    
