   1.00000000       1.09976315    
   1.10000002       1.15034652    
   1.20000005       1.17085826    
   1.29999995       1.17492342    
   1.39999998       1.17062640    
   1.50000000       1.16381288    
   1.60000002       1.15584600    
   1.70000005       1.14666152    
   1.79999995       1.13780940    
   1.90000010       1.12947798    
   2.00000000       1.12181830    
   2.09999990       1.11488342    
   2.20000005       1.10856867    
   2.30000019       1.10289383    
   2.40000010       1.09760833    
   2.50000000       1.09343743    
   2.59999990       1.08957481    
   2.70000005       1.08561063    
   2.80000019       1.08195388    
   2.90000010       1.07858741    
   3.00000000       1.07552075    
   3.10000014       1.07264197    
   3.20000005       1.06996691    
   3.29999995       1.06746638    
   3.40000010       1.06510031    
   3.50000000       1.06290925    
   3.60000014       1.06087005    
   3.70000005       1.05955374    
   3.79999995       1.05782235    
   3.90000010       1.05612564    
   4.00000000       1.05451167    
   4.10000038       1.05302989    
   4.19999981       1.05157995    
   4.30000019       1.05020642    
   4.40000010       1.04889786    
   4.50000000       1.04766500    
   4.60000038       1.04648757    
   4.69999981       1.04536903    
   4.80000019       1.04429865    
   4.90000010       1.04327309    
   5.00000000       1.04230511    
   5.09999990       1.04150736    
   5.20000029       1.04089475    
   5.30000019       1.04003537    
   5.40000010       1.03921032    
   5.50000000       1.03844965    
   5.59999990       1.03767300    
   5.70000029       1.03694928    
   5.80000019       1.03622317    
   5.90000010       1.03554475    
   6.00000000       1.03489602    
   6.09999990       1.03426540    
   6.20000029       1.03365457    
   6.30000019       1.03306282    
   6.40000010       1.03248239    
   6.50000000       1.03194356    
   6.59999990       1.03139865    
   6.70000029       1.03088760    
   6.80000019       1.03039455    
   6.90000010       1.03012657    
   7.00000000       1.02970302    
   7.09999990       1.02923942    
   7.20000029       1.02880561    
   7.30000019       1.02838182    
   7.40000010       1.02797019    
   7.50000000       1.02755094    
   7.59999990       1.02715707    
   7.70000029       1.02677393    
   7.80000019       1.02640426    
   7.90000010       1.02603567    
   8.00000000       1.02567923    
   8.10000038       1.02533114    
   8.20000076       1.02500284    
   8.30000019       1.02469254    
   8.39999962       1.02435863    
   8.50000000       1.02403951    
   8.60000038       1.02372646    
   8.70000076       1.02341974    
   8.80000019       1.02318561    
   8.89999962       1.02299154    
   9.00000000       1.02280176    
   9.10000038       1.02252626    
   9.19999981       1.02227521    
   9.30000019       1.02199817    
   9.40000057       1.02173519    
   9.50000000       1.02150416    
   9.60000038       1.02127767    
   9.69999981       1.02102268    
   9.80000019       1.02079308    
   9.90000057       1.02056646    
   10.0000000       1.02034032    
   10.1000004       1.02012551    
   10.1999998       1.01991570    
   10.3000002       1.01971090    
   10.4000006       1.01949835    
   10.5000000       1.01930225    
   10.6000004       1.01912653    
   10.6999998       1.01890862    
   10.8000002       1.01873338    
   10.9000006       1.01852322    
   11.0000000       1.01834798    
   11.1000004       1.01819801    
   11.1999998       1.01810288    
   11.3000002       1.01797855    
   11.4000006       1.01781702    
   11.5000000       1.01763749    
   11.6000004       1.01748967    
   11.6999998       1.01733053    
   11.8000002       1.01716340    
   11.9000006       1.01702118    
   12.0000000       1.01686597    
   12.1000004       1.01670575    
   12.1999998       1.01657319    
   12.3000002       1.01643693    
   12.4000006       1.01629376    
   12.5000000       1.01615274    
   12.6000004       1.01600766    
   12.6999998       1.01587331    
   12.8000002       1.01573777    
   12.9000006       1.01560974    
   13.0000000       1.01549554    
   13.1000004       1.01535094    
   13.1999998       1.01521671    
   13.3000002       1.01511109    
   13.4000006       1.01499844    
   13.5000000       1.01485705    
   13.6000004       1.01475954    
   13.6999998       1.01469028    
   13.8000002       1.01460159    
   13.9000006       1.01452053    
   14.0000000       1.01442087    
