   0.0000000000000000        1.0000000000000000     
   9.9999997764825821E-003   1.0000000000000000     
   1.9999999552965164E-002  0.99999946051841804     
   2.9999999329447746E-002  0.99999838543777320     
   3.9999999105930328E-002  0.99999678249516266     
   4.9999998882412910E-002  0.99999466322657948     
   5.9999998658895493E-002  0.99999204288388988     
   6.9999998435378075E-002  0.99998894032507057     
   7.9999998211860657E-002  0.99998537787849162     
   8.9999997988343239E-002  0.99998138118222524     
   9.9999997764825821E-002  0.99997697899953386     
  0.10999999754130840       0.99997220301186829     
  0.11999999731779099       0.99996708759086439     
  0.12999999709427357       0.99996166955097721     
  0.13999999687075615       0.99995598788453810     
  0.14999999664723873       0.99995008348113512     
  0.15999999642372131       0.99994399883334029     
  0.16999999620020390       0.99993777773090176     
  0.17999999597668648       0.99993146494559826     
  0.18999999575316906       0.99992510590902894     
  0.19999999552965164       0.99991874638565226     
  0.20999999530613422       0.99991243214342862     
  0.21999999508261681       0.99990620862444246     
  0.22999999485909939       0.99990012061786404     
  0.23999999463558197       0.99989421193761374     
  0.24999999441206455       0.99988852510704307     
  0.25999999418854713       0.99988310105290501     
  0.26999999396502972       0.99987797881081442     
  0.27999999374151230       0.99987319524431595     
  0.28999999351799488       0.99986878477958807     
  0.29999999329447746       0.99986477915768535     
  0.30999999307096004       0.99986120720610616     
  0.31999999284744263       0.99985809463132769     
  0.32999999262392521       0.99985546383380264     
  0.33999999240040779       0.99985333374674845     
  0.34999999217689037       0.99985171969988973     
  0.35999999195337296       0.99985063330913415     
  0.36999999172985554       0.99985008239297446     
  0.37999999150633812       0.99985007091622224     
  0.38999999128282070       0.99985059896147277     
  0.39999999105930328       0.99985166272851178     
  0.40999999083578587       0.99985325456166263     
  0.41999999061226845       0.99985536300488531     
  0.42999999038875103       0.99985797288422029     
  0.43999999016523361       0.99986106541699360     
  0.44999998994171619       0.99986461834698936     
  0.45999998971819878       0.99986860610462502     
  0.46999998949468136       0.99987299999096713     
  0.47999998927116394       0.99987776838427145     
  0.48999998904764652       0.99988287696755707     
  0.49999998882412910       0.99988828897557802     
  0.50999998860061169       0.99989396545941334     
  0.51999998837709427       0.99989986556677246     
  0.52999998815357685       0.99990594683600131     
  0.53999998793005943       0.99991216550166639     
  0.54999998770654202       0.99991847680952550     
  0.55999998748302460       0.99992483533861287     
  0.56999998725950718       0.99993119532812247     
  0.57999998703598976       0.99993751100673811     
  0.58999998681247234       0.99994373692203886     
  0.59999998658895493       0.99994982826760903     
  0.60999998636543751       0.99995574120549724     
  0.61999998614192009       0.99996143318171127     
  0.62999998591840267       0.99996686323246620     
  0.63999998569488525       0.99997199227899136     
  0.64999998547136784       0.99997678340877194     
  0.65999998524785042       0.99998120214119801     
  0.66999998502433300       0.99998521667571472     
  0.67999998480081558       0.99998879812068142     
  0.68999998457729816       0.99999192070129961     
  0.69999998435378075       0.99999456194510661     
  0.70999998413026333       0.99999670284370601     
  0.71999998390674591       0.99999832798956467     
  0.72999998368322849       0.99999942568689881     
  0.73999998345971107       0.99999998803584411     
  0.74999998323619366        1.0000000109893108     
  0.75999998301267624       0.99999949438210800     
  0.76999998278915882       0.99999844193213350     
  0.77999998256564140       0.99999686121361731     
  0.78999998234212399       0.99999476360261030     
  0.79999998211860657       0.99999216419511516     
  0.80999998189508915       0.99998908169844214     
  0.81999998167157173       0.99998553829657955     
  0.82999998144805431       0.99998155949053891     
  0.83999998122453690       0.99997717391483099     
  0.84999998100101948       0.99997241313139063     
  0.85999998077750206       0.99996731140243200     
  0.86999998055398464       0.99996190544387231     
  0.87999998033046722       0.99995623416109602     
  0.88999998010694981       0.99995033836896263     
  0.89999997988343239       0.99994426049807128     
  0.90999997965991497       0.99993804428939770     
  0.91999997943639755       0.99993173447950245     
  0.92999997921288013       0.99992537647857005     
  0.93999997898936272       0.99991901604360589     
  0.94999997876584530       0.99991269894913204     
  0.95999997854232788       0.99990647065775895     
  0.96999997831881046       0.99990037599300274     
  0.97999997809529305       0.99989445881670069     
  0.98999997787177563       0.99988876171334928     
  0.99999997764825821       0.99988332568363159     
   1.0099999774247408       0.99987818984934718     
   1.0199999772012234       0.99987339117186147     
   1.0299999769777060       0.99986896418610316     
   1.0399999767541885       0.99986494075202470     
   1.0499999765306711       0.99986134982531394     
   1.0599999763071537       0.99985821724900803     
   1.0699999760836363       0.99985556556750499     
   1.0799999758601189       0.99985341386432047     
   1.0899999756366014       0.99985177762474486     
   1.0999999754130840       0.99985066862440064     
   1.1099999751895666       0.99985009484449727     
   1.1199999749660492       0.99985006041439040     
   1.1299999747425318       0.99985056558186569     
   1.1399999745190144       0.99985160671135376     
   1.1499999742954969       0.99985317631009618     
   1.1599999740719795       0.99985526308206818     
   1.1699999738484621       0.99985785200927280     
   1.1799999736249447       0.99986092445982355     
   1.1899999734014273       0.99986445832203252     
   1.1999999731779099       0.99986842816354227     
   1.2099999729543924       0.99987280541435730     
   1.2199999727308750       0.99987755857245664     
   1.2299999725073576       0.99988265343050298     
   1.2399999722838402       0.99988805332202746     
   1.2499999720603228       0.99989371938530880     
   1.2599999718368053       0.99989961084305101     
   1.2699999716132879       0.99990568529584911     
   1.2799999713897705       0.99991189902732569     
   1.2899999711662531       0.99991820731874881     
   1.2999999709427357       0.99992456477086200     
   1.3099999707192183       0.99993092563061048     
   1.3199999704957008       0.99993724412041507     
   1.3299999702721834       0.99994347476762380     
   1.3399999700486660       0.99994957273176654     
   1.3499999698251486       0.99995549412726070     
   1.3599999696016312       0.99996119633924729     
   1.3699999693781137       0.99996663833027732     
   1.3799999691545963       0.99997178093564998     
   1.3899999689310789       0.99997658714527138     
   1.3999999687075615       0.99998102237000719     
   1.4099999684840441       0.99998505469061250     
   1.4199999682605267       0.99998865508744683     
   1.4299999680370092       0.99999179764932156     
   1.4399999678134918       0.99999445975997636     
   1.4499999675899744       0.99999662226084352     
   1.4599999673664570       0.99999826958892724     
   1.4699999671429396       0.99999938988880710     
   1.4799999669194221       0.99999997509795857     
   1.4899999666959047        1.0000000210047779     
   1.4999999664723873       0.99999952727889141     
   1.5099999662488699       0.99999849747353275     
   1.5199999660253525       0.99999693899997288     
   1.5299999658018351       0.99999486307418251     
   1.5399999655783176       0.99999228463611234     
   1.5499999653548002       0.99998922224217679     
   1.5599999651312828       0.99998569793170600     
   1.5699999649077654       0.99998173706833593     
   1.5799999646842480       0.99997736815747262     
   1.5899999644607306       0.99997262264114517     
   1.5999999642372131       0.99996753467172672     
   1.6099999640136957       0.99996214086614910     
   1.6199999637901783       0.99995648004237969     
   1.6299999635666609       0.99995059294005861     
   1.6399999633431435       0.99994452192730854     
   1.6499999631196260       0.99993831069582051     
   1.6599999628961086       0.99993200394641879     
   1.6699999626725912       0.99992564706736120     
   1.6799999624490738       0.99991928580769263     
   1.6899999622255564       0.99991296594800394     
   1.6999999620020390       0.99990673297096122     
   1.7099999617785215       0.99990063173398269     
   1.7199999615550041       0.99989470614641573     
   1.7299999613314867       0.99988899885353411     
   1.7399999611079693       0.99988355092963832     
   1.7499999608844519       0.99987840158245878     
   1.7599999606609344       0.99987358787099312     
   1.7699999604374170       0.99986914443881258     
   1.7799999602138996       0.99986510326474809     
   1.7899999599903822       0.99986149343275821     
   1.7999999597668648       0.99985834092263159     
   1.8099999595433474       0.99985566842303220     
   1.8199999593198299       0.99985349516822886     
   1.8299999590963125       0.99985183679969314     
   1.8399999588727951       0.99985070525355191     
   1.8499999586492777       0.99985010867471180     
   1.8599999584257603       0.99985005135827199     
   1.8699999582022429       0.99985053371864552     
   1.8799999579787254       0.99985155228661715     
   1.8899999577552080       0.99985309973435321     
   1.8999999575316906       0.99985516492818838     
   1.9099999573081732       0.99985773300880854     
   1.9199999570846558       0.99986078549825819     
   1.9299999568611383       0.99986430043299279     
   1.9399999566376209       0.99986825252203260     
   1.9499999564141035       0.99987261332907240     
   1.9599999561905861       0.99987735147724044     
   1.9699999559670687       0.99988243287503820     
   1.9799999557435513       0.99988782096183093     
   1.9899999555200338       0.99989347697112851     
   1.9999999552965164       0.99989936020976533     
   2.0099999550729990       0.99990542835096763     
   2.0199999548494816       0.99991163773921032     
   2.0299999546259642       0.99991794370466425     
   2.0399999544024467       0.99992430088498285     
   2.0499999541789293       0.99993066355211258     
   2.0599999539554119       0.99993698594177904     
   2.0699999537318945       0.99994322258328994     
   2.0799999535083771       0.99994932862727970     
   2.0899999532848597       0.99995526016905034     
   2.0999999530613422       0.99996097456518751     
   2.1099999528378248       0.99996643074118141     
   2.1199999526143074       0.99997158948784981     
   2.1299999523907900       0.99997641374444368     
   2.1399999521672726       0.99998086886640458     
   2.1499999519437551       0.99998492287586838     
   2.1599999517202377       0.99998854669312032     
   2.1699999514967203       0.99999171434736078     
   2.1799999512732029       0.99999440316528154     
   2.1899999510496855       0.99999659393611129     
   2.1999999508261681       0.99999827105197758     
   2.2099999506026506       0.99999942262259311     
   2.2199999503791332        1.0000000405634730     
   2.2299999501556158        1.0000001206570821     
   2.2399999499320984       0.99999966258651063     
   2.2499999497085810       0.99999866994146580     
   2.2599999494850636       0.99999715019659630     
   2.2699999492615461       0.99999511466234148     
   2.2799999490380287       0.99999257840871869     
   2.2899999488145113       0.99998956016265994     
   2.2999999485909939       0.99998608217969531     
   2.3099999483674765       0.99998217009098522     
   2.3199999481439590       0.99997785272688211     
   2.3299999479204416       0.99997316191837249     
   2.3399999476969242       0.99996813227794012     
   2.3499999474734068       0.99996280096151313     
   2.3599999472498894       0.99995720741334515     
   2.3699999470263720       0.99995139309578374     
   2.3799999468028545       0.99994540120600806     
   2.3899999465793371       0.99993927638194324     
   2.3999999463558197       0.99993306439961782     
   2.4099999461323023       0.99992681186434318     
   2.4199999459087849       0.99992056589812606     
   2.4299999456852674       0.99991437382579107     
   2.4399999454617500       0.99990828286231292     
   2.4499999452382326       0.99990233980386212     
   2.4599999450147152       0.99989659072508352     
   2.4699999447911978       0.99989108068508969     
   2.4799999445676804       0.99988585344462355     
   2.4899999443441629       0.99988095119679798     
   2.4999999441206455       0.99987641431374308     
   2.5099999438971281       0.99987228111141802     
   2.5199999436736107       0.99986858763475606     
   2.5299999434500933       0.99986536746518717     
   2.5399999432265759       0.99986265155248522     
   2.5499999430030584       0.99986046807273643     
   2.5599999427795410       0.99985884231409938     
   2.5699999425560236       0.99985779659187624     
   2.5799999423325062       0.99985735019425148     
   2.5899999421089888       0.99985751935990097     
   2.5999999418854713       0.99985831728850616     
   2.6099999416619539       0.99985975418502870     
   2.6199999414384365       0.99986183733844458     
   2.6299999412149191       0.99986457123544870     
   2.6399999409914017       0.99986795770947723     
   2.6499999407678843       0.99987199612522459     
   2.6599999405443668       0.99987668359866244     
   2.6699999403208494       0.99988201525241183     
   2.6799999400973320       0.99988798450616023     
   2.6899999398738146       0.99989458340167314     
   2.6999999396502972       0.99990180296180742     
   2.7099999394267797       0.99990963358281071     
   2.7199999392032623       0.99991806545906614     
   2.7299999389797449       0.99992708903934913     
   2.7399999387562275       0.99993669551356013     
   2.7499999385327101       0.99994687732882526     
   2.7599999383091927       0.99995762873378990     
   2.7699999380856752       0.99996894634988753     
   2.7799999378621578       0.99998082976832581     
   2.7899999376386404       0.99999328217152050     
   2.7999999374151230        1.0000063109776993     
   2.8099999371916056        1.0000199285074225     
   2.8199999369680882        1.0000341526707872     
   2.8299999367445707        1.0000490076741300     
   2.8399999365210533        1.0000645247451116     
   2.8499999362975359        1.0000807428751213     
   2.8599999360740185        1.0000977095780590     
   2.8699999358505011        1.0001154816646236     
   2.8799999356269836        1.0001341260313652     
   2.8899999354034662        1.0001537204638888     
   2.8999999351799488        1.0001743544537136     
   2.9099999349564314        1.0001961300284554     
   2.9199999347329140        1.0002191625951309     
   2.9299999345093966        1.0002435817965547     
   2.9399999342858791        1.0002695323809441     
   2.9499999340623617        1.0002971750850231     
   2.9599999338388443        1.0003266875310646     
   2.9699999336153269        1.0003582651384895     
   2.9799999333918095        1.0003921220507763     
   2.9899999331682920        1.0004284920786153     
   2.9999999329447746        1.0004676296603670     
   3.0099999327212572        1.0005098108410329     
   3.0199999324977398        1.0005553342710825     
   3.0299999322742224        1.0006045222265849     
   3.0399999320507050        1.0006577216522052     
   3.0499999318271875        1.0007153052287237     
   3.0599999316036701        1.0007776724667905     
   3.0699999313801527        1.0008452508287085     
   3.0799999311566353        1.0009184968800529     
   3.0899999309331179        1.0009978974729776     
   3.0999999307096004        1.0010839709630348     
   3.1099999304860830        1.0011772684613254     
   3.1199999302625656        1.0012783751237613     
   3.1299999300390482        1.0013879114791300     
   3.1399999298155308        1.0015065347975949     
   3.1499999295920134        1.0016349405011369     
   3.1599999293684959        1.0017738636173312     
   3.1699999291449785        1.0019240802776845     
   3.1799999289214611        1.0020864092616220     
   3.1899999286979437        1.0022617135870002     
   3.1999999284744263        1.0024509021478427     
   3.2099999282509089        1.0026549313997810     
   3.2199999280273914        1.0028748070934579     
   3.2299999278038740        1.0031115860559168     
   3.2399999275803566        1.0033663780197670     
   3.2499999273568392        1.0036403474996798     
   3.2599999271333218        1.0039347157155263     
   3.2699999269098043        1.0042507625612282     
   3.2799999266862869        1.0045898286181796     
   3.2899999264627695        1.0049533172118745     
   3.2999999262392521        1.0053426965101746     
   3.3099999260157347        1.0057595016614822     
   3.3199999257922173        1.0062053369709258     
   3.3299999255686998        1.0066818781125368     
   3.3399999253451824        1.0071908743753157     
   3.3499999251216650        1.0077341509410207     
   3.3599999248981476        1.0083136111915132     
   3.3699999246746302        1.0089312390435126     
   3.3799999244511127        1.0095891013087215     
   3.3899999242275953        1.0102893500773906     
   3.3999999240040779        1.0110342251236164     
   3.4099999237805605        1.0118260563308905     
   3.4199999235570431        1.0126672661367595     
   3.4299999233335257        1.0135603719958204     
   3.4399999231100082        1.0145079888607225     
   3.4499999228864908        1.0155128316813680     
   3.4599999226629734        1.0165777179230617     
   3.4699999224394560        1.0177055701050368     
   3.4799999222159386        1.0188994183614473     
   3.4899999219924212        1.0201624030277439     
   3.4999999217689037        1.0214977772561313     
   3.5099999215453863        1.0229089096647319     
   3.5199999213218689        1.0243992870260035     
   3.5299999210983515        1.0259725170009621     
   3.5399999208748341        1.0276323309267836     
   3.5499999206513166        1.0293825866664317     
   3.5599999204277992        1.0312272715300697     
   3.5699999202042818        1.0331705052791154     
   3.5799999199807644        1.0352165432249452     
   3.5899999197572470        1.0373697794353927     
   3.5999999195337296        1.0396347500633167     
   3.6099999193102121        1.0420161368126408     
   3.6199999190866947        1.0445187705583601     
   3.6299999188631773        1.0471476351380791     
   3.6399999186396599        1.0499078713336687     
   3.6499999184161425        1.0528047810625973     
   3.6599999181926250        1.0558438317993961     
   3.6699999179691076        1.0590306612485680     
   3.6799999177455902        1.0623710822909773     
   3.6899999175220728        1.0658710882264584     
   3.6999999172985554        1.0695368583359066     
   3.7099999170750380        1.0733747637866129     
   3.7199999168515205        1.0773913739049146     
   3.7299999166280031        1.0815934628404855     
   3.7399999164044857        1.0859880166466693     
   3.7499999161809683        1.0905822408012216     
   3.7599999159574509        1.0953835681916575     
   3.7699999157339334        1.1003996675890617     
   3.7799999155104160        1.1056384526337619     
   3.7899999152868986        1.1111080913556108     
   3.7999999150633812        1.1168170162508395     
   3.8099999148398638        1.1227739349364807     
   3.8199999146163464        1.1289878414022072     
   3.8299999143928289        1.1354680278781160     
   3.8399999141693115        1.1422240973354620     
   3.8499999139457941        1.1492659766356279     
   3.8599999137222767        1.1566039303406763     
   3.8699999134987593        1.1642485751966640     
   3.8799999132752419        1.1722108952984809     
   3.8899999130517244        1.1805022579422946     
   3.8999999128282070        1.1891344301687186     
   3.9099999126046896        1.1981195959965301     
   3.9199999123811722        1.2074703743431356     
   3.9299999121576548        1.2171998376239814     
   3.9399999119341373        1.2273215310186694     
   3.9499999117106199        1.2378494923866767     
   3.9599999114871025        1.2487982728101681     
   3.9699999112635851        1.2601829577354531     
   3.9799999110400677        1.2720191886780770     
   3.9899999108165503        1.2843231854492974     
   3.9999999105930328        1.2971117688536924     
   4.0099999103695154        1.3104023837988705     
   4.0199999101459980        1.3242131227485174     
   4.0299999099224806        1.3385627494393613     
   4.0399999096989632        1.3534707227708713     
   4.0499999094754457        1.3689572207636285     
   4.0599999092519283        1.3850431644681185     
   4.0699999090284109        1.4017502416902448     
   4.0799999088048935        1.4191009303828899     
   4.0899999085813761        1.4371185215343856     
   4.0999999083578587        1.4558271413646318     
   4.1099999081343412        1.4752517726177510     
   4.1199999079108238        1.4954182747164884     
   4.1299999076873064        1.5163534025179755     
   4.1399999074637890        1.5380848233829134     
   4.1499999072402716        1.5606411322405798     
   4.1599999070167542        1.5840518643003592     
   4.1699999067932367        1.6083475050266076     
   4.1799999065697193        1.6335594969576426     
   4.1899999063462019        1.6597202429114803     
   4.1999999061226845        1.6868631050806755     
   4.2099999058991671        1.7150223994763258     
   4.2199999056756496        1.7442333851370848     
   4.2299999054521322        1.7745322474730649     
   4.2399999052286148        1.8059560750670030     
   4.2499999050050974        1.8385428292062731     
   4.2599999047815800        1.8723313053695865     
   4.2699999045580626        1.9073610858419578     
   4.2799999043345451        1.9436724825811540     
   4.2899999041110277        1.9813064694090026     
   4.2999999038875103        2.0203046025522720     
   4.3099999036639929        2.0607089285110489     
   4.3199999034404755        2.1025618781885447     
   4.3299999032169580        2.1459061461760518     
   4.3399999029934406        2.1907845540513340     
   4.3499999027699232        2.2372398965194318     
   4.3599999025464058        2.2853147692028499     
   4.3699999023228884        2.3350513768750067     
   4.3799999020993710        2.3864913209281240     
   4.3899999018758535        2.4396753648760998     
   4.3999999016523361        2.4946431767163171     
   4.4099999014288187        2.5514330470134521     
   4.4199999012053013        2.6100815816254284     
   4.4299999009817839        2.6706233680685938     
   4.4399999007582664        2.7330906146181686     
   4.4499999005347490        2.7975127613632842     
   4.4599999003112316        2.8639160625854143     
   4.4699999000877142        2.9323231400070568     
   4.4799998998641968        3.0027525066660052     
   4.4899998996406794        3.0752180614113667     
   4.4999998994171619        3.1497285542924209     
   4.5099998991936445        3.2262870234218313     
   4.5199998989701271        3.3048916551561800     
   4.5299998987466097        3.3855367915727235     
   4.5399998985230923        3.4682125739784793     
   4.5499998982995749        3.5529045738121483     
   4.5599998980760574        3.6395934122039537     
   4.5699998978525400        3.7282543696444881     
   4.5799998976290226        3.8188569874080680     
   4.5899998974055052        3.9113646625780181     
   4.5999998971819878        4.0057342387295289     
   4.6099998969584703        4.1019155945387862     
   4.6199998967349529        4.1998512328033240     
   4.6299998965114355        4.2994758725760818     
   4.6399998962879181        4.4007160473323257     
   4.6499998960644007        4.5034897123020201     
   4.6599998958408833        4.6077058643077526     
   4.6699998956173658        4.7132641776473401     
   4.6799998953938484        4.8200546597473819     
   4.6899998951703310        4.9279573304866373     
   4.6999998949468136        5.0368419292423408     
   4.7099998947232962        5.1465676538454694     
   4.7199998944997787        5.2569829357388977     
   4.7299998942762613        5.3679252557117785     
   4.7399998940527439        5.4792210046310759     
   4.7499998938292265        5.5906853936034455     
   4.7599998936057091        5.7021224179745227     
   4.7699998933821917        5.8133248795048846     
   4.7799998931586742        5.9240744709499147     
   4.7899998929351568        6.0341419271119978     
   4.7999998927116394        6.1432872462256745     
   4.8099998924881220        6.2512599852781445     
   4.8199998922646046        6.3577996325574615     
   4.8299998920410872        6.4626360603584088     
   4.8399998918175697        6.5654900603613129     
   4.8499998915940523        6.6660739637325257     
   4.8599998913705349        6.7640923474782726     
   4.8699998911470175        6.8592428280181386     
   4.8799998909235001        6.9512169423330619     
   4.8899998906999826        7.0397011163891881     
   4.8999998904764652        7.1243777198469607     
   4.9099998902529478        7.2049262053398246     
   4.9199998900294304        7.2810243298539836     
   4.9299998898059130        7.3523494549663253     
   4.9399998895823956        7.4185799219085089     
   4.9499998893588781        7.4793964966289863     
   4.9599998891353607        7.5344838792286444     
   4.9699998889118433        7.5835322713587949     
   4.9799998886883259        7.6262389944001185     
   4.9899998884648085        7.6623101504971318     
   4.9999998882412910        7.6914623178132731     
   5.0099998880177736        7.7134242707055183     
   5.0199998877942562        7.7279387149031447     
   5.0299998875707388        7.7347640272211615     
   5.0399998873472214        7.7336759888527888     
   5.0499998871237040        7.7244695008746120     
   5.0599998869001865        7.7069602702694500     
   5.0699998866766691        7.6809864545313911     
   5.0799998864531517        7.6464102527703064     
   5.0899998862296343        7.6031194311833348     
   5.0999998860061169        7.5510287708120467     
   5.1099998857825994        7.4900814256580333     
   5.1199998855590820        7.4202501794879545     
   5.1299998853355646        7.3415385900214547     
   5.1399998851120472        7.2539820096606489     
   5.1499998848885298        7.1576484724859366     
   5.1599998846650124        7.0526394379060786     
   5.1699998844414949        6.9390903821064347     
   5.1799998842179775        6.8171712292824544     
   5.1899998839944601        6.6870866155691804     
   5.1999998837709427        6.5490759795746056     
   5.2099998835474253        6.4034134744866131     
   5.2199998833239079        6.2504076978413785     
   5.2299998831003904        6.0904012362054969     
   5.2399998828768730        5.9237700232252601     
   5.2499998826533556        5.7509225107237292     
   5.2599998824298382        5.5722986537688781     
   5.2699998822063208        5.3883687118838610     
   5.2799998819828033        5.1996318698121744     
   5.2899998817592859        5.0066146824758615     
   5.2999998815357685        4.8098693499639342     
   5.3099998813122511        4.6099718295503029     
   5.3199998810887337        4.4075197928569896     
   5.3299998808652163        4.2031304373399170     
   5.3399998806416988        3.9974381622731783     
   5.3499998804181814        3.7910921203357177     
   5.3599998801946640        3.5847536567553009     
   5.3699998799711466        3.3790936487325309     
   5.3799998797476292        3.1747897585474485     
   5.3899998795241117        2.9725236143390021     
   5.3999998793005943        2.7729779330400275     
   5.4099998790770769        2.5768336003451107     
   5.4199998788535595        2.3847667228844291     
   5.4299998786300421        2.1974456679728158     
   5.4399998784065247        2.0155281064001787     
   5.4499998781830072        1.8396580737281618     
   5.4599998779594898        1.6704630654603947     
   5.4699998777359724        1.5085511812624091     
   5.4799998775124550        1.3545083331255214     
   5.4899998772889376        1.2088955320004695     
   5.4999998770654202        1.0722462669756430     
   5.5099998768419027       0.94506399054614698     
   5.5199998766183853       0.82781972291881312     
   5.5299998763948679       0.72094978763006057     
   5.5399998761713505       0.62485369002398861     
   5.5499998759478331       0.53989214935310659     
   5.5599998757243156       0.46638529442973919     
   5.5699998755007982       0.40461103187851266     
   5.5799998752772808       0.35480359512554827     
   5.5899998750537634       0.31715228131419998     
   5.5999998748302460       0.29180038236639305     
   5.6099998746067286       0.27884431541880267     
   5.6199998743832111       0.27833295686002957     
   5.6299998741596937       0.29026718318420003     
   5.6399998739361763       0.31459962086344417     
   5.6499998737126589       0.35123460643168652     
   5.6599998734891415       0.40002835697004124     
   5.6699998732656240       0.46078935019455664     
   5.6799998730421066       0.53327891237450586     
   5.6899998728185892       0.61721201135804316     
   5.6999998725950718       0.71225825105572249     
   5.7099998723715544       0.81804306283470973     
   5.7199998721480370       0.93414908841085931     
   5.7299998719245195        1.0601177479952377     
   5.7399998717010021        1.1954509866589658     
   5.7499998714774847        1.3396131911279661     
   5.7599998712539673        1.4920332685096478     
   5.7699998710304499        1.6521068777887828     
   5.7799998708069324        1.8191988043116671     
   5.7899998705834150        1.9926454669076958     
   5.7999998703598976        2.1717575467770973     
   5.8099998701363802        2.3558227268039658     
   5.8199998699128628        2.5441085295358219     
   5.8299998696893454        2.7358652417055631     
   5.8399998694658279        2.9303289128593724     
   5.8499998692423105        3.1267244153953739     
   5.8599998690187931        3.3242685531127814     
   5.8699998687952757        3.5221732052201200     
   5.8799998685717583        3.7196484926535232     
   5.8899998683482409        3.9159059535121710     
   5.8999998681247234        4.1101617144268587     
   5.9099998679012060        4.3016396447392644     
   5.9199998676776886        4.4895744804827089     
   5.9299998674541712        4.6732149053193739     
   5.9399998672306538        4.8518265758030363     
   5.9499998670071363        5.0246950785991542     
   5.9599998667836189        5.1911288076043700     
   5.9699998665601015        5.3504617492637943     
   5.9799998663365841        5.5020561647851007     
   5.9899998661130667        5.6453051583918867     
   5.9999998658895493        5.7796351212431301     
   6.0099998656660318        5.9045080411688051     
   6.0199998654425144        6.0194236689319505     
   6.0299998652189970        6.1239215323222060     
   6.0399998649954796        6.2175827900130392     
   6.0499998647719622        6.3000319177720359     
   6.0599998645484447        6.3709382202979858     
   6.0699998643249273        6.4300171626679292     
   6.0799998641014099        6.4770315161086032     
   6.0899998638778925        6.5117923135574083     
   6.0999998636543751        6.5341596112451157     
   6.1099998634308577        6.5440430533131453     
   6.1199998632073402        6.5414022372693852     
   6.1299998629838228        6.5262468788851660     
   6.1399998627603054        6.4986367759392030     
   6.1499998625367880        6.4586815710187890     
   6.1599998623132706        6.4065403143914308     
   6.1699998620897532        6.3424208287580797     
   6.1799998618662357        6.2665788784895149     
   6.1899998616427183        6.1793171467265680     
   6.1999998614192009        6.0809840244904585     
   6.2099998611956835        5.9719722166979361     
   6.2199998609721661        5.8527171707047252     
   6.2299998607486486        5.7236953337068979     
   6.2399998605251312        5.5854222460104861     
   6.2499998603016138        5.4384504778323821     
   6.2599998600780964        5.2833674179176402     
   6.2699998598545790        5.1207929228472802     
   6.2799998596310616        4.9513768364644211     
   6.2899998594075441        4.7757963893625677     
   6.2999998591840267        4.5947534888564556     
   6.3099998589605093        4.4089719102908358     
   6.3199998587369919        4.2191944009343292     
   6.3299998585134745        4.0261797080525898     
   6.3399998582899570        3.8306995430558071     
   6.3499998580664396        3.6335354938691027     
   6.3599998578429222        3.4354758978795252     
   6.3699998576194048        3.2373126879692560     
   6.3799998573958874        3.0398382242507451     
   6.3899998571723700        2.8438421241753327     
   6.3999998569488525        2.6501081036922387     
   6.4099998567253351        2.4594108420896417     
   6.4199998565018177        2.2725128830539738     
   6.4299998562783003        2.0901615843380563     
   6.4399998560547829        1.9130861282337273     
   6.4499998558312654        1.7419946048009971     
   6.4599998556077480        1.5775711795144658     
   6.4699998553842306        1.4204733566499057     
   6.4799998551607132        1.2713293493508773     
   6.4899998549371958        1.1307355668885197     
   6.4999998547136784       0.99925422915899831     
   6.5099998544901609       0.87741111795425142     
   6.5199998542666435       0.76569347399482390     
   6.5299998540431261       0.66454804813074808     
   6.5399998538196087       0.57437931450005808     
   6.5499998535960913       0.49554785278701374     
   6.5599998533725739       0.42836890604605210     
   6.5699998531490564       0.37311111985557993     
   6.5799998529255390       0.32999546784078537     
   6.5899998527020216       0.29919436785955117     
   6.5999998524785042       0.28083099238329579     
   6.6099998522549868       0.27497877582817487     
   6.6199998520314693       0.28166112080467443     
   6.6299998518079519       0.30085130445833397     
   6.6399998515844345       0.33247258527435963     
   6.6499998513609171       0.37639850991740204     
   6.6599998511373997       0.43245341887799743     
   6.6699998509138823       0.50041314890229516     
   6.6799998506903648       0.58000592939490314     
   6.6899998504668474       0.67091346920911354     
   6.6999998502433300       0.77277222947753454     
   6.7099998500198126       0.88517487739229306     
   6.7199998497962952        1.0076719151204532     
   6.7299998495727777        1.1397734773400225     
   6.7399998493492603        1.2809512902076887     
   6.7499998491257429        1.4306407839239419     
   6.7599998489022255        1.5882433504470501     
   6.7699998486787081        1.7531287373269910     
   6.7799998484551907        1.9246375680861290     
   6.7899998482316732        2.1020839790674195     
   6.7999998480081558        2.2847583622052037     
   6.8099998477846384        2.4719302027501193     
   6.8199998475611210        2.6628510005999431     
   6.8299998473376036        2.8567572635538734     
   6.8399998471140862        3.0528735605201645     
   6.8499998468905687        3.2504156224672833     
   6.8599998466670513        3.4485934787178496     
   6.8699998464435339        3.6466146160432835     
   6.8799998462200165        3.8436871479259547     
   6.8899998459964991        4.0390229813149174     
   6.8999998457729816        4.2318409682113849     
   6.9099998455494642        4.4213700294807774     
   6.9199998453259468        4.6068522383991821     
   6.9299998451024294        4.7875458516031903     
   6.9399998448789120        4.9627282753223065     
   6.9499998446553946        5.1316989550319994     
   6.9599998444318771        5.2937821769716864     
   6.9699998442083597        5.4483297703244133     
   6.9799998439848423        5.5947236992521683     
   6.9899998437613249        5.7323785344213620     
   6.9999998435378075        5.8607437941348284     
   7.0099998433142900        5.9793061457081356     
   7.0199998430907726        6.0875914582869797     
   7.0299998428672552        6.1851666988964018     
   7.0399998426437378        6.2716416641395822     
   7.0499998424202204        6.3466705406210737     
   7.0599998421967030        6.4099532878544618     
   7.0699998419731855        6.4612368381241225     
   7.0799998417496681        6.5003161085028696     
   7.0899998415261507        6.5270348209784332     
   7.0999998413026333        6.5412861274090810     
   7.1099998410791159        6.5430130368092083     
   7.1199998408555984        6.5322086432561521     
   7.1299998406320810        6.5089161535068634     
   7.1399998404085636        6.4732287142139775     
   7.1499998401850462        6.4252890394322524     
   7.1599998399615288        6.3652888399049958     
   7.1699998397380114        6.2934680564127232     
   7.1799998395144939        6.2101139002499375     
   7.1899998392909765        6.1155597046671248     
   7.1999998390674591        6.0101835918710647     
   7.2099998388439417        5.8944069609141243     
   7.2199998386204243        5.7686928025194595     
   7.2299998383969069        5.6335438475811159     
   7.2399998381733894        5.4895005567432476     
   7.2499998379498720        5.3371389590980183     
   7.2599998377263546        5.1770683486453404     
   7.2699998375028372        5.0099288477262389     
   7.2799998372793198        4.8363888471736836     
   7.2899998370558023        4.6571423334177258     
   7.2999998368322849        4.4729061132338810     
   7.3099998366087675        4.2844169472329234     
   7.3199998363852501        4.0924286035553239     
   7.3299998361617327        3.8977088435525582     
   7.3399998359382153        3.7010363515095985     
   7.3499998357146978        3.5031976206865716     
   7.3599998354911804        3.3049838081323499     
   7.3699998352676630        3.1071875708476382     
   7.3799998350441456        2.9105998959497579     
   7.3899998348206282        2.7160069375153051     
   7.3999998345971107        2.5241868727501258     
   7.4099998343735933        2.3359067900588091     
   7.4199998341500759        2.1519196214582852     
   7.4299998339265585        1.9729611316028224     
   7.4399998337030411        1.7997469754613018     
   7.4499998334795237        1.6329698364131235     
   7.4599998332560062        1.4732966562074903     
   7.4699998330324888        1.3213659678634744     
   7.4799998328089714        1.1777853421765829     
   7.4899998325854540        1.0431289580432546     
   7.4999998323619366       0.91793530631955778     
   7.5099998321384192       0.80270503639634738     
   7.5199998319149017       0.69789895410244207     
   7.5299998316913843       0.60393617894219653     
   7.5399998314678669       0.52119246803667774     
   7.5499998312443495       0.44999871347100462     
   7.5599998310208321       0.39063961905695810     
   7.5699998307973146       0.34335256180248902     
   7.5799998305737972       0.30832664264110510     
   7.5899998303502798       0.28570193021727158     
   7.5999998301267624       0.27556890075192764     
   7.6099998299032450       0.27796807622809350     
   7.6199998296797276       0.29288986234346881     
   7.6299998294562101       0.32027458687804444     
   7.6399998292326927       0.36001273832330144     
   7.6499998290091753       0.41194540381871236     
   7.6599998287856579       0.47586490464424280     
   7.6699998285621405       0.55151562672751531     
   7.6799998283386230       0.63859504284443946     
   7.6899998281151056       0.73675492242552754     
   7.6999998278915882       0.84560272412987780     
   7.7099998276680708       0.96470316561792868     
   7.7199998274445534        1.0935799642454558     
   7.7299998272210360        1.2317177417177814     
   7.7399998269975185        1.3785640850874812     
   7.7499998267740011        1.5335317558536667     
   7.7599998265504837        1.6960010383286386     
   7.7699998263269663        1.8653222178808173     
   7.7799998261034489        2.0408181791434368     
   7.7899998258799314        2.2217871137987721     
   7.7999998256564140        2.4075053271094800     
   7.8099998254328966        2.5972301319737219     
   7.8199998252093792        2.7902028189307559     
   7.8299998249858618        2.9856516902399299     
   7.8399998247623444        3.1827951458998083     
   7.8499998245388269        3.3808448092664438     
   7.8599998243153095        3.5790086797714276     
   7.8699998240917921        3.7764943001320277     
   7.8799998238682747        3.9725119253877166     
   7.8899998236447573        4.1662776810901319     
   7.8999998234212399        4.3570166980168477     
   7.9099998231977224        4.5439662108732666     
   7.9199998229742050        4.7263786085908830     
   7.9299998227506876        4.9035244240238347     
   7.9399998225271702        5.0746952510878565     
   7.9499998223036528        5.2392065776761179     
   7.9599998220801353        5.3964005230229928     
   7.9699998218566179        5.5456484685691310     
   7.9799998216331005        5.6863535718069720     
   7.9899998214095831        5.8179531530538142     
   7.9999998211860657        5.9399209456077697     
   8.0099998209625483        6.0517692002882137     
   8.0199998207390308        6.1530506359446706     
   8.0299998205155134        6.2433602281340512     
   8.0399998202919960        6.3223368288133281     
   8.0499998200684786        6.3896646105705033     
   8.0599998198449612        6.4450743296183601     
   8.0699998196214437        6.4883444025003323     
   8.0799998193979263        6.5193017922026941     
   8.0899998191744089        6.5378227001295643     
   8.0999998189508915        6.5438330611734488     
   8.1099998187273741        6.5373088399016064     
   8.1199998185038567        6.5182761266737419     
   8.1299998182803392        6.4868110333066502     
   8.1399998180568218        6.4430393887030792     
   8.1499998178333044        6.3871362356619805     
   8.1599998176097870        6.3193251308823717     
   8.1699998173862696        6.2398772509601486     
   8.1799998171627522        6.1491103079529239     
   8.1899998169392347        6.0473872788495573     
   8.1999998167157173        5.9351149540252530     
   8.2099998164921999        5.8127423104869171     
   8.2199998162686825        5.6807587164141893     
   8.2299998160451651        5.5396919741761748     
   8.2399998158216476        5.3901062096498773     
   8.2499998155981302        5.2325996162808943     
   8.2599998153746128        5.0678020629079654     
   8.2699998151510954        4.8963725749175744     
   8.2799998149275780        4.7189966988015550     
   8.2899998147040606        4.5363837606567916     
   8.2999998144805431        4.3492640295902918     
   8.3099998142570257        4.1583857973731444     
   8.3199998140335083        3.9645123860218745     
   8.3299998138099909        3.7684190952738228     
   8.3399998135864735        3.5708901021636463     
   8.3499998133629560        3.3727153250994868     
   8.3599998131394386        3.1746872649794082     
   8.3699998129159212        2.9775978359804371     
   8.3799998126924038        2.7822351986939160     
   8.3899998124688864        2.5893806082714366     
   8.3999998122453690        2.3998052901856326     
   8.4099998120218515        2.2142673560996471     
   8.4199998117983341        2.0335087721787279     
   8.4299998115748167        1.8582523919676683     
   8.4399998113512993        1.6891990656996123     
   8.4499998111277819        1.5270248375960902     
   8.4599998109042645        1.3723782423663036     
   8.4699998106807470        1.2258777117169373     
   8.4799998104572296        1.0881091012438748     
   8.4899998102337122       0.95962334759577561     
   8.4999998100101948       0.84093426527851489     
   8.5099998097866774       0.73251649191106705     
   8.5199998095631599       0.63480359014975130     
   8.5299998093396425       0.54818631387124750     
   8.5399998091161251       0.47301104554791279     
   8.5499998088926077       0.40957841106433646     
   8.5599998086690903       0.35814207751448146     
   8.5699998084455729       0.31890773878702061     
   8.5799998082220554       0.29203229299551275     
   8.5899998079985380       0.27762321504287490     
   8.5999998077750206       0.27573812682926446     
   8.6099998075515032       0.28638456682211066     
   8.6199998073279858       0.30951995990978493     
   8.6299998071044683       0.34505178765946448     
   8.6399998068809509       0.39283795829832874     
   8.6499998066574335       0.45268737493853345     
   8.6599998064339161       0.52436069977363087     
   8.6699998062103987       0.60757131119041552     
   8.6799998059868813       0.70198644996870296     
   8.6899998057633638       0.80722854998539362     
   8.6999998055398464       0.92287674810132980     
   8.7099998053163290        1.0484685671929148     
   8.7199998050928116        1.1835017655980482     
   8.7299998048692942        1.3274363455804417     
   8.7399998046457767        1.4796967127804697     
   8.7499998044222593        1.6396739780169123     
   8.7599998041987419        1.8067283922346804     
   8.7699998039752245        1.9801919048611751     
   8.7799998037517071        2.1593708353404040     
   8.7899998035281897        2.3435486471614042     
   8.7999998033046722        2.5319888132876209     
   8.8099998030811548        2.7239377615283940     
   8.8199998028576374        2.9186278880740155     
   8.8299998026341200        3.1152806271432247     
   8.8399998024106026        3.3131095644676307     
   8.8499998021870852        3.5113235821622304     
   8.8599998019635677        3.7091300224056885     
   8.8699998017400503        3.9057378572788219     
   8.8799998015165329        4.1003608520851156     
   8.8899998012930155        4.2922207095031215     
   8.8999998010694981        4.4805501819973141     
   8.9099998008459806        4.6645961400408495     
   8.9199998006224632        4.8436225838804061     
   8.9299998003989458        5.0169135867990633     
   8.9399998001754284        5.1837761581071211     
   8.9499997999519110        5.3435430144117442     
   8.9599997997283936        5.4955752480831190     
   8.9699997995048761        5.6392648822459730     
   8.9799997992813587        5.7740373020789635     
   8.9899997990578413        5.8993535526992700     
   8.9999997988343239        6.0147124944430548     
   9.0099997986108065        6.1196528069229057     
   9.0199997983872890        6.2137548338479700     
   9.0299997981637716        6.2966422612293931     
   9.0399997979402542        6.3679836222598887     
   9.0499997977167368        6.4274936228494486     
   9.0599997974932194        6.4749342825163474     
   9.0699997972697020        6.5101158860710573     
   9.0799997970461845        6.5328977422872505     
   9.0899997968226671        6.5431887465259919     
   9.0999997965991497        6.5409477450631659     
   9.1099997963756323        6.5261836996632292     
   9.1199997961521149        6.4989556517410936     
   9.1299997959285975        6.4593724862555320     
   9.1399997957050800        6.4075924962782533     
   9.1499997954815626        6.3438227499799158     
   9.1599997952580452        6.2683182625645690     
   9.1699997950345278        6.1813809764638981     
   9.1799997948110104        6.0833585538694761     
   9.1899997945874929        5.9746429864317401     
   9.1999997943639755        5.8556690276854440     
   9.2099997941404581        5.7269124544703525     
   9.2199997939169407        5.5888881642997381     
   9.2299997936934233        5.4421481162853258     
   9.2399997934699059        5.2872791238529011     
   9.2499997932463884        5.1249005080755206     
   9.2599997930228710        4.9556616210086561     
   9.2699997927993536        4.7802392489314416     
   9.2799997925758362        4.5993349058784636     
   9.2899997923523188        4.4136720282852577     
   9.2999997921288013        4.2239930819661353     
   9.3099997919052839        4.0310565929935267     
   9.3199997916817665        3.8356341143523509     
   9.3299997914582491        3.6385071404997680     
   9.3399997912347317        3.4404639821689824     
   9.3499997910112143        3.2422966139147644     
   9.3599997907876968        3.0447975070073441     
   9.3699997905641794        2.8487564603399473     
   9.3799997903406620        2.6549574420231594     
   9.3899997901171446        2.4641754542965923     
   9.3999997898936272        2.2771734342950687     
   9.4099997896701097        2.0946992030631506     
   9.4199997894465923        1.9174824750189214     
   9.4299997892230749        1.7462319398261594     
   9.4399997889995575        1.5816324283444925     
   9.4499997887760401        1.4243421739909179     
   9.4599997885525227        1.2749901804644836     
   9.4699997883290052        1.1341737063606101     
   9.4799997881054878        1.0024558767340701     
   9.4899997878819704       0.88036343116200000     
   9.4999997876584530       0.76838461731242158     
   9.5099997874349356       0.66696723844190531     
   9.5199997872114182       0.57651686263042934     
   9.5299997869879007       0.49739520091469758     
   9.5399997867643833       0.42991866080577046     
   9.5499997865408659       0.37435708097548398     
   9.5599997863173485       0.33093265217164891     
   9.5699997860938311       0.29981902867729088     
   9.5799997858703136       0.28114063386720323     
   9.5899997856467962       0.27497216263889285     
   9.5999997854232788       0.28133828270769967     
   9.6099997851997614       0.30021353596060613     
   9.6199997849762440       0.33152244026322747     
   9.6299997847527266       0.37513979131285324     
   9.6399997845292091       0.43089116333043109     
   9.6499997843056917       0.49855360658922715     
   9.6599997840821743       0.57785653899074252     
   9.6699997838586569       0.66848282812247650     
   9.6799997836351395       0.77007005947038876     
   9.6899997834116220       0.88221198571447512     
   9.6999997831881046        1.0044601513117277     
   9.7099997829645872        1.1363256858697721     
   9.7199997827410698        1.2772812591394782     
   9.7299997825175524        1.4267631898085325     
   9.7399997822940350        1.5841736996629063     
   9.7499997820705175        1.7488833041018237     
   9.7599997818470001        1.9202333294465719     
   9.7699997816234827        2.0975385469764221     
   9.7799997813999653        2.2800899131581600     
   9.7899997811764479        2.4671574051110521     
   9.7999997809529305        2.6579929399682136     
   9.8099997807294130        2.8518333664598559     
   9.8199997805058956        3.0479035167550843     
   9.8299997802823782        3.2454193063579089     
   9.8399997800588608        3.4435908696610094     
   9.8499997798353434        3.6416257186181538     
   9.8599997796118259        3.8387319119037588     
   9.8699997793883085        4.0341212218861013     
   9.8799997791647911        4.2270122867494830     
   9.8899997789412737        4.4166337351599916     
   9.8999997787177563        4.6022272709793208     
   9.9099997784942389        4.7830507056909006     
   9.9199997782707214        4.9583809264116363     
   9.9299997780472040        5.1275167876202001     
   9.9399997778236866        5.2897819150378487     
   9.9499997776001692        5.4445274104490418     
   9.9599997773766518        5.5911344466452837     
   9.9699997771531343        5.7290167421150313     
   9.9799997769296169        5.8576229055833400     
   9.9899997767060995        5.9764386410254895     
   9.9999997764825821        6.0849888043366791     
