   1.0000000000000000        2.5512988306872823E-014   0.0000000000000000     
   1.1000000014901161        4.0599245467592608E-014   0.0000000000000000     
   1.2000000029802322        6.5009300832026596E-014   0.0000000000000000     
   1.3000000044703484        1.0477848865501122E-013   0.0000000000000000     
   1.4000000059604645        1.7004261275829893E-013   0.0000000000000000     
   1.5000000074505806        2.7796847891119610E-013   0.0000000000000000     
   1.6000000089406967        4.5789269065593437E-013   0.0000000000000000     
   1.7000000104308128        7.6042751249540022E-013   0.0000000000000000     
   1.8000000119209290        1.2737770559810269E-012   0.0000000000000000     
   1.9000000134110451        2.1533227486817547E-012   0.0000000000000000     
   2.0000000149011612        3.6759560909126711E-012   0.0000000000000000     
   2.1000000163912773        6.3412302040972212E-012   0.0000000000000000     
   2.2000000178813934        1.1062461852918477E-011   0.0000000000000000     
   2.3000000193715096        1.9533552465014097E-011   0.0000000000000000     
   2.4000000208616257        3.4945337779234286E-011   0.0000000000000000     
   2.5000000223517418        6.3411030684093195E-011   0.0000000000000000     
   2.6000000238418579        1.1686160179584857E-010   0.0000000000000000     
   2.7000000253319740        2.1906166326546366E-010   0.0000000000000000     
   2.8000000268220901        4.1842686646276584E-010   0.0000000000000000     
   2.9000000283122063        8.1610930487678751E-010   0.0000000000000000     
   3.0000000298023224        1.6295129962499078E-009   0.0000000000000000     
   3.1000000312924385        3.3411891623184654E-009   0.0000000000000000     
   3.2000000327825546        7.0626119243618947E-009   0.0000000000000000     
   3.3000000342726707        1.5466845097375678E-008   0.0000000000000000     
   3.4000000357627869        3.5320493463024376E-008   0.0000000000000000     
   3.5000000372529030        8.4850013440477530E-008   0.0000000000000000     
   3.6000000387430191        2.1709719429112029E-007   0.0000000000000000     
   3.7000000402331352        6.0261167867572262E-007   0.0000000000000000     
   3.8000000417232513        1.8689218779838066E-006   0.0000000000000000     
   3.9000000432133675        6.8198498029443921E-006   0.0000000000000000     
   4.0000000447034836        3.2418886771768260E-005   0.0000000000000000     
   4.1000000461935997        1.5870803204523818E-004   0.0000000000000000     
   4.2000000476837158        4.2915750548379978E-004   0.0000000000000000     
   4.3000000491738319        7.1227617264256818E-004   0.0000000000000000     
   4.4000000506639481        1.0503912266680287E-003   0.0000000000000000     
   4.5000000521540642        1.4515464953820138E-003   0.0000000000000000     
   4.6000000536441803        1.9248540551557428E-003   0.0000000000000000     
   4.7000000551342964        2.4804235602922248E-003   0.0000000000000000     
   4.8000000566244125        3.1295097314917890E-003   0.0000000000000000     
   4.9000000581145287        3.8847224958113483E-003   0.0000000000000000     
   5.0000000596046448        4.7623118554553845E-003   0.0000000000000000     
   5.1000000610947609        5.7751841008354312E-003   0.0000000000000000     
   5.2000000625848770        6.9417656699256262E-003   0.0000000000000000     
   5.3000000640749931        8.2818418197513535E-003   0.0000000000000000     
   5.4000000655651093        9.8158599862736787E-003   0.0000000000000000     
   5.5000000670552254        1.1567703360164269E-002   0.0000000000000000     
   5.6000000685453415        1.3562882946774175E-002   0.0000000000000000     
   5.7000000700354576        1.5829266419311341E-002   0.0000000000000000     
   5.8000000715255737        1.8397335309812558E-002   0.0000000000000000     
   5.9000000730156898        2.1299531450544567E-002   0.0000000000000000     
   6.0000000745058060        2.4569396812689114E-002   0.0000000000000000     
   6.1000000759959221        2.8248500921049604E-002   0.0000000000000000     
   6.2000000774860382        3.2374967366684104E-002   0.0000000000000000     
   6.3000000789761543        3.6989238313399335E-002   0.0000000000000000     
   6.4000000804662704        4.2139652914330229E-002   0.0000000000000000     
   6.5000000819563866        4.7869507180821495E-002   0.0000000000000000     
   6.6000000834465027        5.4228618365779663E-002   0.0000000000000000     
   6.7000000849366188        6.1264341087562089E-002   0.0000000000000000     
   6.8000000864267349        6.9025921474472979E-002   0.0000000000000000     
   6.9000000879168510        7.7562771223970803E-002   0.0000000000000000     
   7.0000000894069672        8.6916213279636279E-002   0.0000000000000000     
   7.1000000908970833        9.7134596179693111E-002   0.0000000000000000     
   7.2000000923871994       0.10825653526083943        0.0000000000000000     
   7.3000000938773155       0.12031792713806580        0.0000000000000000     
   7.4000000953674316       0.13334335005260212        0.0000000000000000     
   7.5000000968575478       0.14735911284951048        0.0000000000000000     
   7.6000000983476639       0.16235975319873130        0.0000000000000000     
   7.7000000998377800       0.17837411583789808        0.0000000000000000     
   7.8000001013278961       0.19535850070428676        0.0000000000000000     
   7.9000001028180122       0.21330665648216598        0.0000000000000000     
   8.0000001043081284       0.23216158695186598        0.0000000000000000     
   8.1000001057982445       0.25190060195253339        0.0000000000000000     
   8.2000001072883606       0.27242436342363580        0.0000000000000000     
   8.3000001087784767       0.29367255733842840        0.0000000000000000     
   8.4000001102685928       0.31551955321405006        0.0000000000000000     
   8.5000001117587090       0.33791787436032505        0.0000000000000000     
   8.6000001132488251       0.36070199255674618        0.0000000000000000     
   8.7000001147389412       0.38380118092140492        0.0000000000000000     
   8.8000001162290573       0.40705791573467665        0.0000000000000000     
   8.9000001177191734       0.43035591586131344        0.0000000000000000     
   9.0000001192092896       0.45356540848568111        1.0000000000000000     
   9.1000001206994057       0.47656493514461229        1.0000000000000000     
   9.2000001221895218       0.49928128348342016        1.0000000000000000     
   9.3000001236796379       0.52158456505698303        1.0000000000000000     
   9.4000001251697540       0.54339998231921161        1.0000000000000000     
   9.5000001266598701       0.56456582065899696        1.0000000000000000     
   9.6000001281499863       0.58516473457523233        1.0000000000000000     
   9.7000001296401024       0.60495792521705960        1.0000000000000000     
   9.8000001311302185       0.62401913611101256        1.0000000000000000     
   9.9000001326203346       0.64226531809091392        1.0000000000000000     
   10.000000134110451       0.65966740424109671        1.0000000000000000     
   10.100000135600567       0.67624762330655597        1.0000000000000000     
   10.200000137090683       0.69195886013277541        1.0000000000000000     
   10.300000138580799       0.70684230263936143        1.0000000000000000     
   10.400000140070915       0.72088394493208341        1.0000000000000000     
   10.500000141561031       0.73411695148492351        1.0000000000000000     
   10.600000143051147       0.74657080500879403        1.0000000000000000     
   10.700000144541264       0.75825137940412179        1.0000000000000000     
   10.800000146031380       0.76919957777334025        1.0000000000000000     
   10.900000147521496       0.77945353034111964        1.0000000000000000     
   11.000000149011612       0.78903561930122412        1.0000000000000000     
   11.100000150501728       0.79798923351347684        1.0000000000000000     
   11.200000151991844       0.80634988257544671        1.0000000000000000     
   11.300000153481960       0.81414965461893163        1.0000000000000000     
   11.400000154972076       0.82142441697266155        1.0000000000000000     
   11.500000156462193       0.82819606219858555        1.0000000000000000     
   11.600000157952309       0.83452879236299460        1.0000000000000000     
   11.700000159442425       0.84041703682919922        1.0000000000000000     
   11.800000160932541       0.84590560050663477        1.0000000000000000     
   11.900000162422657       0.85108949580118665        1.0000000000000000     
   12.000000163912773       0.85581477440732023        1.0000000000000000     
   12.100000165402889       0.86028988057405065        1.0000000000000000     
   12.200000166893005       0.86444888888821336        1.0000000000000000     
   12.300000168383121       0.86833398837214526        1.0000000000000000     
   12.400000169873238       0.87197895960545335        1.0000000000000000     
   12.500000171363354       0.87538682649764332        1.0000000000000000     
   12.600000172853470       0.87857501096330815        1.0000000000000000     
   12.700000174343586       0.88156292935915515        1.0000000000000000     
   12.800000175833702       0.88436159191063590        1.0000000000000000     
   12.900000177323818       0.88700014068732991        1.0000000000000000     
   13.000000178813934       0.88947079612849711        1.0000000000000000     
   13.100000180304050       0.89179388604467780        1.0000000000000000     
   13.200000181794167       0.89398703809822522        1.0000000000000000     
   13.300000183284283       0.89604599729263379        1.0000000000000000     
   13.400000184774399       0.89800233559563469        1.0000000000000000     
   13.500000186264515       0.89984449055922089        1.0000000000000000     
   13.600000187754631       0.90158409134698203        1.0000000000000000     
   13.700000189244747       0.90323874814641436        1.0000000000000000     
   13.800000190734863       0.90481384649512353        1.0000000000000000     
   13.900000192224979       0.90629296707126572        1.0000000000000000     
   14.000000193715096       0.90770839114964663        1.0000000000000000     
   14.100000195205212       0.90905393665005318        1.0000000000000000     
   14.200000196695328       0.91033671129578619        1.0000000000000000     
   14.300000198185444       0.91156298418005821        1.0000000000000000     
   14.400000199675560       0.91272890650498595        1.0000000000000000     
   14.500000201165676       0.91384903266217676        1.0000000000000000     
   14.600000202655792       0.91492711101406887        1.0000000000000000     
   14.700000204145908       0.91595470877248553        1.0000000000000000     
   14.800000205636024       0.91694380269911813        1.0000000000000000     
   14.900000207126141       0.91789182065557795        1.0000000000000000     
   15.000000208616257       0.91879702940058650        1.0000000000000000     
