  0.10000000149011612        2.8364382378333671E-018   1.2962739038544700E-039
  0.20000000298023224        1.1540028534819083E-012   3.6375372878263895E-020
  0.30000000447034836        1.7295171058576470E-009   1.1003711954642648E-013
  0.40000000596046448        8.4994616809446308E-008   1.9121875814740731E-010
  0.50000000745058060        1.0418450217817325E-006   1.6803626476601408E-008
  0.60000000894069672        6.2522936944576803E-006   3.3208920565544720E-007
  0.70000001043081284        2.4460680029809159E-005   2.7976558260648374E-006
  0.80000001192092896        7.2055161882581261E-005   1.3830432326978712E-005
  0.90000001341104507        1.7356644277823644E-004   4.7914219960241552E-005
   1.0000000149011612        3.6010477747339467E-004   1.2939225850574262E-004
   1.1000000163912773        6.6637865632012327E-004   2.9145621638858587E-004
   1.2000000178813934        1.1272543735954509E-003   5.7287606195031385E-004
   1.3000000193715096        1.7746471663042070E-003   1.0137796738463344E-003
   1.4000000208616257        2.6351926820245022E-003   1.6516714934099648E-003
   1.5000000223517418        3.7288367786345207E-003   2.5183918502908334E-003
   1.6000000238418579        5.0682749819189821E-003   3.6382469292113419E-003
   1.7000000253319740        6.6590688807253093E-003   5.0272282273007250E-003
   1.8000000268220901        8.5002371560973598E-003   6.6930908040680756E-003
   1.9000000283122063        1.0585133411032205E-002   8.6360227361662444E-003
   2.0000000298023224        1.2902457927632617E-002   1.0849663328383143E-002
